129.06
116.04
125.64
150.18
153.16
129.86
117.56
117.56
117.56
141.22
120.74
135.08
95.82
144.52
158.76
83.78
138.36
126.14
120.74
131.62
152.48
111.14
111.14
111.14
111.14
159.62
125.94
129.72
125.34
149.14
122.7
129.16
127.34
149.6
92.84
92.84
131.02
107.92
141.56
105.08
111.42
102.32
131.04
163.66
129.24
115.76
162.04
123.64
123.64
129.28
129.84
134.54
131.56
158.82
115.24
138.84
147.44
114.92
154.04
91.54
150.52
138.04
139.42
126.84
116.78
167.68
123.22
123.22
148.42
101.84
112.72
179.26
179.26
112.88
144.66
109.54
109.54
120.72
103.44
116.34
120.66
95.64
136.16
121.44
111.74
125.12
157.74
162.84
143.72
143.72
147.14
151.38
130.98
170.42
101.72
106.24
115.08
115.08
115.08
153.64
136.62
122.24
128.36
127.48
141.54
175.38
121.24
120.84
120.84
140.84
109.46
146.6
112.04
95.48
106.32
103.54
183.42
141.42
123.28
130.18
141.06
123.42
111.24
161.14
161.14
161.14
160.32
129.02
142.54
123.56
150.22
105.08
110.34
110.34
138.58
129.56
138.52
115.48
115.48
94.64
134.56
118.88
118.88
122.22
170.56
140.14
124.72
98.52
122.18
152.6
134.74
142.82
131.84
155.38
131.22
105.12
105.12
94.84
120.38
148.66
150.74
132.04
117.14
128.56
128.56
118.78
118.78
94.38
129.04
97.44
131.54
158.24
94.34
138.08
140.66
92.72
92.72
127.16
121.4
113.04
106.84
110.24
102.38
124.46
117.04
131.92
114.32
145.12
145.12
146.24
146.32
146.32
124.66
123.74
112.76
93.78
145.42
145.42
81.64
169.36
102.34
98.72
126.32
101.98
149.42
140.76
155.68
125.82
123.7
113.44
136.14
105.86
85.12
120.04
87.84
162.74
122.76
122.76
134.16
142.12
144.98
131.72
96.44
115.72
145.26
114.76
114.76
113.98
128.06
162.02
165.06
165.06
106.34
135.34
135.34
115.28
131.04
111.04
164.24
129.16
147.16
162.38
135.14
121.92
148.12
117.44
114.14
114.14
100.24
150.88
129.66
123.34
156.44
133.1
113.68
112.64
115.14
120.94
115.86
116.38
115.94
97.84
130.88
90.84
143.68
148.44
127.54
112.78
124.48
124.72
75.84
111.4
133.78
124.08
124.08
124.08
116.84
114.96
135.22
110.32
135.38
101.12
101.12
156.36
156.36
121.04
137.84
157.64
132.44
140.84
106.44
139.38
155.92
93.18
116.88
138.82
107.22
142.04
140.22
103.28
141.14
141.14
126.04
140.6
117.74
117.74
136.08
130.94
130.1
107.84
93.84
149.46
96.28
82.64
82.64
141.64
141.64
121.2
96.84
134.58
138.88
131.38
142.64
86.38
136.24
141.34
128.08
128.26
156.72
116.08
157.12
118.02
165.44
133.94
133.94
141.72
151.36
69.44
69.44
115.08
140.52
145.86
134.84
94.74
96.38
96.38
101.18
117.3
104.76
104.76
153.88
156.62
120.84
129.2
115.92
128.62
128.62
107.44
105.22
140.34
115.94
146.72
114.02
96.94
111.52
101.84
108.22
108.22
142.64
124.08
138.02
132.84
123.3
100.28
119.42
100.84
130.44
126.06
119.28
160.32
119.4
131.84
133.08
116.74
135.74
90.58
135.04
188.28
150.28
113.14
102.54
129.42
115.24
159.74
131.34
120.56
92.94
114.56
116.02
118.08
109.78
153.34
145.74
128.72
130.06
147.44
105.02
105.02
138.14
126.18
150.02
127.64
127.64
107.42
142.92
102.54
128.58
171.56
171.56
88.98
83.84
124.74
133.24
121.26
121.26
105.54
110.46
143.04
154.48
115.18
102.74
165.38
115.62
109.2
127.64
126.2
92.92
134.08
99.34
86.94
109.64
121.38
105.94
83.54
135.52
103.38
128.66
110.28
123.64
141.88
119.08
131.98
131.14
103.74
133.18
133.18
98.58
98.58
141.62
88.26
150.62
116.46
144.58
109.14
123.1
127.34
108.72
88.04
113.88
114.2
114.62
121.24
120.14
112.68
113.74
95.12
85.64
128.04
152.12
128.08
132.44
132.44
131.96
96.48
126.58
126.58
126.58
128.92
128.92
110.82
135.34
135.34
125.26
118.5
136.14
122.94
122.94
134.84
171.6
115.98
123.58
121.14
155.42
121.28
117.24
132.22
146.56
98.88
98.88
116.46
113.12
90.3
90.3
109.38
142.82
118.34
111.94
111.94
99.82
113.04
120.18
147.1
123.12
107.7
116.84
124.48
124.48
107.78
149.58
121.5
150.14
102.14
139.14
112.08
110.72
149.26
129.44
164.44
140.16
156.52
122.84
149.94
103.42
103.42
158.92
118.82
148.86
127.28
104.14
119.56
156.62
120.56
127.34
104.54
81.74
121.34
121.34
142.22
142.22
153.74
98.54
124.04
131.06
131.06
131.06
96.88
115.38
115.38
115.82
140.96
130.8
146.94
98.76
90.04
110.12
93.26
87.82
132.88
125.28
139.06
171.02
160.52
121.42
121.42
128.92
147.94
99.14
123.06
82.14
158.92
124.76
149.92
146.7
135.64
131.54
114.14
122.42
122.42
126.62
129.24
99.38
126.14
126.14
125.8
167.66
125.44
154.66
135.86
158.54
133.38
97.34
113.52
135.56
134.62
122.34
122.34
122.34
90.02
142.44
130.02
154.64
123.28
112.62
129.92
117.44
103.78
129.64
116.44
129.54
178.4
124.96
132.64
132.64
93.28
105.84
127.48
127.48
127.48
169.14
101.34
96.48
131.96
137.12
132.34
132.34
87.02
150.84
156.36
136.52
129.8
99.16
99.04
124.78
124.78
117.54
117.54
117.54
145.64
101.62
102.24
106.86
106.86
106.86
112.82
148.04
109.94
108.62
91.82
95.5
117.14
127.32
127.32
163.0
110.12
140.9
96.76
127.64
145.14
162.02
105.18
131.84
122.68
123.52
123.78
66.44
101.84
114.54
123.3
154.16
160.42
136.34
115.32
73.56
131.54
114.32
114.86
114.86
156.34
113.04
115.04
113.34
146.12
105.14
105.14
105.14
165.72
132.18
124.68
145.52
163.14
148.54
158.78
120.72
120.14
124.84
102.92
105.84
105.84
124.56
124.56
138.16
131.94
109.2
125.26
132.36
102.86
138.84
145.12
145.12
145.12
111.04
111.04
152.44
121.84
109.44
142.28
98.18
98.18
99.62
177.94
150.92
133.88
102.08
147.28
134.1
174.14
144.44
115.18
126.24
83.34
118.82
107.14
183.42
125.92
105.14
105.14
105.14
115.64
135.04
137.32
107.94
115.54
149.08
105.18
105.18
118.84
140.36
151.32
102.88
139.86
77.74
140.02
117.94
135.58
135.58
138.06
108.48
108.48
112.28
123.26
136.44
151.82
97.44
134.62
134.02
124.58
141.74
126.28
166.14
103.44
105.62
166.14
119.44
119.44
136.72
134.72
131.14
88.12
159.44
111.84
161.12
130.44
102.52
102.52
102.52
144.02
101.24
116.24
133.12
132.54
116.34
138.74
138.74
150.44
129.04
157.98
157.98
113.48
114.62
132.88
138.64
159.54
121.68
131.94
98.98
130.86
136.54
136.54
125.88
171.04
152.58
118.02
118.02
118.02
152.74
130.92
106.74
112.04
98.74
79.54
139.72
71.54
106.04
104.22
96.34
96.34
96.34
125.28
139.34
122.46
111.04
111.04
149.54
100.02
144.26
122.24
157.28
122.54
82.84
153.86
143.02
129.42
129.42
130.52
108.14
157.08
164.68
155.18
149.28
130.92
149.72
150.46
121.22
142.12
120.54
120.54
113.78
125.18
125.18
130.52
144.34
144.34
130.04
146.6
145.78
105.72
119.08
91.32
127.52
127.52
161.22
100.86
150.34
100.24
74.52
74.52
143.86
111.08
111.08
160.96
120.04
133.72
143.54
123.34
123.72
132.08
115.18
136.8
126.38
113.84
124.94
71.28
123.44
89.18
89.18
129.58
109.34
142.34
127.52
108.74
158.72
122.82
122.82
91.24
91.24
137.62
171.62
96.54
171.62
138.82
103.54
124.46
124.46
117.24
115.34
138.18
113.16
130.98
130.98
105.38
147.22
147.06
147.06
120.66
126.48
110.12
110.12
130.28
111.14
135.32
131.22
110.18
110.18
153.24
113.62
141.62
157.86
105.7
114.46
167.46
142.84
124.44
97.54
131.52
129.16
126.12
136.68
136.68
132.34
97.52
156.72
93.74
125.04
132.64
132.64
105.92
128.06
93.44
93.44
91.66
138.56
108.04
117.12
120.34
120.34
126.28
126.88
126.88
126.88
157.08
120.82
121.04
122.04
115.54
115.54
152.02
88.82
161.12
130.86
115.86
176.12
151.34
130.94
143.32
131.16
78.44
113.62
113.62
114.84
104.44
150.72
83.04
96.18
97.54
99.92
140.44
120.64
96.16
135.54
135.54
129.78
127.4
179.28
112.96
135.04
108.54
131.92
114.88
142.64
120.52
154.44
154.44
109.54
91.12
91.12
119.44
132.18
105.42
140.78
140.78
143.86
97.14
147.52
103.38
167.84
113.86
160.68
128.74
111.52
126.96
152.66
113.72
121.52
121.52
121.52
122.38
159.42
153.06
176.58
109.14
119.64
123.94
102.34
110.76
110.76
124.16
95.38
122.14
122.38
94.96
164.44
132.96
132.96
128.74
109.12
135.34
135.34
153.92
86.44
93.84
192.54
152.62
122.04
132.78
81.14
133.92
133.92
126.44
137.66
140.26
126.82
121.86
150.74
96.64
96.64
139.86
101.98
127.12
134.46
143.18
135.28
135.28
126.66
141.18
114.04
137.66
166.32
120.56
117.94
141.24
135.62
107.42
114.42
115.72
182.26
182.26
136.56
148.14
92.34
121.16
125.64
123.88
111.22
114.04
134.04
106.78
128.48
129.28
124.44
97.38
134.2
116.98
147.76
165.44
165.44
130.14
147.32
104.64
128.58
113.34
134.84
128.12
114.22
142.98
128.76
77.54
141.02
146.52
146.52
146.52
113.44
154.54
159.12
159.12
147.02
123.44
106.18
126.88
126.88
150.62
120.34
110.82
125.04
144.28
151.9
151.9
119.74
120.68
129.12
111.12
129.02
99.96
99.96
100.96
110.54
154.22
142.44
129.68
119.76
130.68
92.44
135.44
150.86
150.86
142.34
113.44
139.28
139.28
106.34
121.26
125.52
125.52
135.94
108.82
108.82
108.82
177.92
134.64
97.22
105.04
119.48
106.88
132.86
132.86
132.86
154.66
154.66
130.28
86.14
86.14
118.58
118.58
118.58
131.62
131.62
85.34
85.34
136.64
145.24
69.44
134.02
129.74
150.16
141.56
142.42
129.74
136.06
146.56
83.28
132.84
92.84
141.46
151.08
151.08
117.88
136.42
151.32
136.88
160.34
117.88
125.78
125.78
132.22
145.94
131.84
119.62
119.62
131.28
141.0
136.32
147.92
97.76
145.74
118.82
123.84
126.52
143.04
97.44
121.22
143.84
130.44
141.38
132.7
132.88
125.64
93.4
124.58
144.24
141.14
186.78
125.62
116.82
118.04
90.14
104.94
116.52
131.72
105.76
121.58
129.92
99.72
92.92
143.14
141.84
174.22
124.06
124.06
118.04
118.04
131.68
98.82
104.14
104.14
126.66
141.44
128.44
128.44
128.44
107.36
119.74
117.76
150.58
156.2
141.58
126.78
93.68
92.34
143.94
177.42
158.12
144.14
119.64
119.64
115.98
128.04
146.22
84.64
84.64
84.64
130.86
97.78
141.98
155.16
127.8
112.52
101.48
106.36
82.28
117.12
138.08
153.24
109.48
126.42
150.14
125.38
127.58
97.02
139.54
139.54
155.2
131.52
131.82
112.36
112.56
122.18
122.18
153.44
163.52
127.32
99.88
125.42
113.72
162.16
148.44
148.44
154.74
120.64
93.04
137.44
79.6
119.48
104.44
104.44
132.74
110.62
146.38
146.72
150.36
123.14
121.14
153.58
131.92
147.94
125.68
99.78
104.32
104.32
143.74
124.84
156.36
105.76
143.26
128.18
135.94
127.38
111.94
130.26
102.94
160.02
101.34
117.52
142.56
113.36
113.36
147.62
89.68
114.12
114.12
145.04
100.44
158.14
160.84
160.84
114.48
161.62
111.64
107.64
107.64
107.64
149.24
126.34
115.72
87.44
87.44
115.94
138.72
100.04
119.9
128.62
167.84
133.68
139.14
119.98
132.08
142.98
142.98
143.24
168.58
75.44
139.46
125.92
126.38
126.34
157.74
157.74
165.04
165.04
129.16
93.38
93.38
136.44
159.76
145.68
138.52
108.74
108.74
155.68
119.56
116.52
116.52
109.74
150.44
95.44
98.04
98.04
86.84
99.0
158.64
158.18
158.18
133.16
160.64
123.62
123.62
114.34
113.54
140.98
145.22
140.46
156.32
125.64
134.7
115.74
115.74
105.76
106.44
158.74
127.12
118.62
116.64
97.94
144.18
147.24
156.56
163.26
137.64
137.64
103.04
119.04
141.94
166.34
112.78
111.64
141.84
89.54
135.52
103.84
98.32
104.58
106.32
118.06
173.74
147.92
144.86
120.62
122.78
108.48
124.46
138.08
122.98
133.26
139.74
111.12
135.84
109.14
121.08
100.34
162.56
78.86
164.0
172.44
136.02
140.98
131.72
131.72
107.16
102.54
133.92
133.92
102.54
129.88
87.74
151.24
128.94
111.48
129.18
122.14
115.6
94.14
119.34
139.06
122.22
100.48
153.24
122.84
113.86
136.82
136.82
129.02
129.02
137.8
156.14
134.52
104.34
114.72
147.28
129.92
137.14
136.62
155.04
117.44
127.78
127.78
164.22
106.92
139.32
149.68
150.06
150.06
129.88
141.54
145.04
107.68
130.32
130.32
139.94
105.12
139.34
127.68
106.52
149.9
116.04
88.62
103.88
148.88
82.3
101.18
89.8
126.74
127.84
100.04
100.04
130.32
139.34
114.16
122.74
135.96
127.7
127.7
120.56
167.58
81.12
121.12
164.56
94.98
90.86
97.44
144.36
124.22
136.82
92.94
108.96
129.74
129.74
118.36
143.64
129.56
148.18
145.04
138.86
156.54
150.14
157.18
153.46
109.22
109.22
132.52
81.04
157.18
116.36
144.68
144.68
130.62
123.24
107.74
94.02
165.82
113.64
98.78
98.78
129.44
129.44
127.24
138.14
131.82
132.36
132.36
124.52
125.74
156.42
119.32
161.66
152.34
131.74
127.26
127.26
147.66
139.44
139.44
113.92
147.72
142.74
124.78
96.34
139.12
105.12
105.12
122.74
115.54
101.14
106.02
159.42
105.74
105.74
152.24
111.46
121.54
142.98
113.48
103.42
122.68
131.44
158.88
127.06
150.86
106.66
138.2
138.2
121.72
127.96
168.46
141.88
103.92
103.92
165.88
108.94
108.94
149.48
134.34
113.06
106.88
128.74
158.26
158.26
120.74
132.84
108.42
93.34
127.24
151.44
119.14
100.28
148.62
116.64
104.24
116.78
116.78
92.04
92.04
136.62
146.56
146.56
111.84
173.0
120.44
126.08
105.06
116.32
116.32
124.74
147.14
116.52
122.72
122.84
119.48
120.76
113.66
100.84
100.84
136.34
99.24
165.14
99.24
116.88
125.52
129.64
123.88
140.84
119.26
133.18
114.46
114.46
126.24
132.86
112.06
138.34
154.56
127.26
101.68
119.06
152.64
131.62
140.22
152.64
147.54
114.02
183.82
122.0
96.06
124.02
148.58
160.16
136.44
136.44
143.96
88.92
81.74
140.48
87.04
123.36
152.92
152.92
165.22
94.08
116.84
128.96
119.44
100.28
170.64
113.04
141.92
136.22
128.72
140.08
128.54
123.24
108.04
112.34
131.14
131.14
129.72
129.72
127.86
127.86
120.36
150.02
150.02
124.58
141.12
135.66
112.14
144.58
144.58
151.44
148.98
158.94
157.22
125.96
122.98
100.38
149.68
139.04
166.86
81.58
105.52
144.68
141.9
97.5
133.56
109.44
149.96
123.68
150.18
150.18
147.44
141.22
113.34
138.24
143.32
121.68
92.58
140.82
100.48
136.54
124.18
132.5
110.54
126.98
146.92
136.84
117.12
121.82
121.82
109.32
109.46
104.74
115.86
134.72
120.34
132.74
149.22
109.44
97.32
125.22
125.22
125.34
93.32
131.1
131.1
170.24
115.84
111.44
122.98
118.74
93.34
155.66
124.94
138.56
123.24
102.54
119.16
121.44
121.44
136.24
107.34
129.76
169.68
108.88
122.18
122.18
167.42
125.96
123.16
166.9
134.18
134.18
127.34
127.34
100.12
92.94
137.78
176.52
176.52
145.68
145.68
104.44
107.42
129.34
123.56
151.32
101.14
101.14
106.64
106.64
95.16
98.26
98.26
114.38
127.26
132.02
131.54
151.08
113.38
126.52
101.34
159.06
139.22
101.14
133.34
129.44
95.64
128.28
120.84
103.22
103.22
141.18
148.98
129.44
131.54
125.98
118.78
118.78
90.98
127.14
96.54
183.04
117.38
92.24
87.44
107.04
139.24
177.34
122.18
122.18
141.42
113.5
116.24
116.24
116.24
137.44
71.14
125.52
144.96
134.76
135.12
135.12
135.12
157.04
168.92
91.18
124.28
181.42
135.86
104.64
104.64
117.66
117.66
101.74
136.72
110.94
119.82
118.54
104.94
141.58
144.12
144.12
159.88
104.74
183.92
112.3
134.52
134.52
125.78
112.42
91.34
142.02
148.36
89.84
89.84
116.94
108.52
141.32
143.22
129.98
110.14
110.54
123.34
122.38
105.24
145.94
128.72
129.12
129.02
151.24
107.12
107.12
122.54
121.12
121.12
130.22
125.82
150.24
150.24
89.74
134.94
134.94
134.94
106.48
135.04
135.04
154.22
146.22
152.38
120.74
123.48
139.78
110.54
126.14
132.34
134.14
108.04
84.54
127.54
127.54
128.38
138.64
97.34
135.58
89.22
119.92
126.56
102.28
113.38
146.08
146.08
147.78
147.78
81.34
81.34
99.82
143.28
129.64
119.44
118.64
118.64
120.26
90.02
116.42
115.94
92.98
159.98
146.92
146.92
133.52
121.04
171.04
104.32
124.78
115.72
114.04
125.04
127.12
128.62
125.76
117.74
148.14
108.68
98.4
121.38
138.24
116.48
105.58
134.58
123.02
135.9
91.86
73.54
118.64
123.44
162.92
112.04
154.84
111.88
133.7
133.7
97.04
107.96
117.88
107.24
131.48
145.02
119.42
141.82
127.64
143.46
119.98
109.94
133.78
114.26
151.38
158.38
117.58
146.28
146.28
115.24
115.24
122.08
105.62
130.9
116.46
141.84
145.42
145.42
124.42
97.62
134.64
95.22
130.18
130.86
127.64
133.56
136.06
123.12
117.28
106.16
118.58
100.14
100.14
99.04
137.26
128.64
172.42
172.42
172.42
172.42
143.64
117.98
110.42
143.84
132.44
135.1
114.24
147.18
127.34
127.34
114.28
120.94
147.82
111.74
122.38
114.82
152.86
140.04
131.16
146.72
146.72
109.04
124.92
138.38
133.62
123.14
141.44
155.98
155.98
142.34
138.86
124.76
133.94
141.74
102.76
136.14
118.88
138.92
138.92
138.92
127.06
119.84
109.82
111.74
112.74
82.74
78.44
138.92
131.84
107.38
97.68
112.04
93.74
120.24
99.34
131.06
96.48
118.44
147.44
121.44
129.64
129.64
105.92
121.08
117.54
135.88
81.64
81.64
107.04
129.72
129.72
138.54
161.18
161.18
120.12
83.72
89.28
113.44
90.74
98.52
110.78
139.88
112.88
160.88
137.16
106.34
150.26
146.46
146.46
122.54
114.08
172.46
99.96
126.86
127.92
155.54
124.82
136.14
118.44
167.16
149.56
151.58
142.42
123.28
98.62
140.02
124.14
147.8
106.96
135.28
134.62
105.66
101.56
122.94
119.32
107.62
159.24
151.26
124.44
139.94
111.68
120.02
115.38
95.62
122.08
106.22
106.22
124.42
124.92
115.72
129.04
129.04
129.04
112.18
70.08
66.64
98.38
152.26
160.94
133.34
133.22
125.04
104.34
95.14
133.84
171.06
118.92
118.92
114.24
115.12
112.14
124.22
97.48
112.42
86.64
152.94
152.94
169.66
104.84
173.18
156.42
161.12
156.82
114.24
114.24
143.28
136.48
121.44
146.92
132.58
109.84
77.54
142.22
114.52
124.64
125.48
180.68
180.68
126.28
126.28
126.28
148.36
131.42
154.82
137.04
133.14
127.02
127.02
124.84
102.12
143.42
151.68
165.18
165.18
112.44
112.06
155.68
111.88
111.88
128.22
147.04
147.04
138.42
105.14
130.14
113.94
141.96
105.08
105.08
136.32
108.26
141.52
156.92
117.96
117.96
151.14
130.38
140.22
80.32
141.68
149.76
111.82
139.64
139.64
116.68
146.92
152.92
152.92
123.82
131.5
118.24
119.86
88.14
107.94
157.08
96.84
83.04
151.64
151.64
123.98
124.28
130.98
147.44
160.38
134.74
90.58
145.36
145.36
105.48
95.42
150.86
155.74
124.14
114.58
113.06
151.88
109.14
97.94
100.06
153.52
124.22
129.82
129.82
129.82
125.52
162.32
135.52
146.48
114.84
159.0
136.78
134.14
101.44
111.54
125.6
110.16
164.3
111.74
146.74
111.74
116.54
163.86
171.92
135.78
116.14
92.08
123.68
113.14
123.14
148.84
115.24
114.1
114.1
100.42
105.64
150.08
86.24
129.62
129.62
105.44
145.48
145.48
145.48
132.14
122.02
140.58
138.88
101.94
101.94
173.88
139.56
119.82
190.24
132.62
110.12
151.62
145.02
116.28
126.72
126.72
106.74
106.74
133.36
98.38
98.38
134.34
139.22
119.76
122.12
122.12
119.46
111.96
111.96
109.38
133.66
97.38
135.74
96.0
140.64
124.22
144.66
111.74
111.74
118.58
141.1
99.24
107.82
124.52
124.52
129.42
138.16
150.22
150.22
99.74
168.08
119.34
132.54
130.64
106.66
157.02
96.04
96.04
106.84
136.64
135.16
143.36
138.78
142.36
122.04
120.56
127.08
107.62
147.88
127.04
104.24
105.56
129.58
135.68
132.88
147.02
160.44
138.02
138.02
138.02
135.22
134.94
134.94
140.58
90.14
90.14
106.68
116.04
98.78
98.78
98.78
130.48
130.48
133.64
133.64
140.1
103.34
112.46
133.36
143.08
94.64
115.54
131.76
115.74
130.44
146.02
110.44
137.16
161.14
100.84
140.22
143.72
150.16
128.84
93.16
100.4
90.94
138.84
91.82
123.08
155.32
125.36
125.36
128.74
116.72
96.34
118.84
118.84
135.18
101.44
101.44
125.34
175.66
154.14
142.54
109.24
99.42
119.64
93.22
93.22
135.02
98.52
98.52
111.24
105.82
145.34
121.44
140.46
128.02
136.28
113.94
139.22
101.82
101.82
101.82
105.68
92.28
110.54
111.76
106.48
106.48
100.42
157.64
128.56
124.54
131.76
150.56
133.62
88.88
121.56
101.12
156.92
121.64
99.22
96.08
141.62
123.54
123.54
134.88
131.16
112.56
113.14
108.52
143.84
135.02
135.02
135.02
146.74
146.74
91.54
145.04
110.56
110.56
119.68
138.44
113.62
146.72
145.26
136.86
137.52
120.44
116.62
121.24
121.24
146.16
108.14
168.44
69.34
151.08
126.12
118.16
131.48
131.96
131.96
131.96
149.6
175.8
175.8
137.56
138.12
145.72
136.58
129.68
125.44
125.44
114.38
114.38
114.38
122.44
107.52
136.74
127.76
131.78
131.78
95.08
125.06
68.04
105.2
122.38
121.4
121.4
143.46
130.24
100.72
100.72
112.2
123.54
138.58
128.44
100.44
100.44
113.72
147.32
114.82
164.86
164.86
97.18
143.54
131.64
112.44
151.88
163.68
134.54
123.96
145.44
153.56
99.74
158.94
101.42
110.12
110.12
183.42
151.38
110.78
178.54
103.34
141.28
139.56
152.88
147.84
135.92
125.56
148.44
98.48
112.72
134.26
111.44
141.02
141.02
148.26
151.96
141.32
122.94
109.36
118.32
104.94
86.78
86.88
114.94
114.94
143.94
134.46
113.08
144.68
111.94
132.72
119.1
105.54
105.54
101.14
125.04
139.78
138.32
122.6
94.82
109.74
106.78
106.78
106.78
106.46
121.74
173.44
126.32
121.64
92.24
89.54
115.88
123.46
152.7
144.36
127.74
125.68
105.32
111.74
144.26
122.88
107.92
107.92
161.94
97.74
108.98
160.12
126.64
126.64
126.64
126.64
157.34
132.24
125.66
125.32
129.72
136.84
102.64
151.32
151.32
165.34
165.34
116.26
144.24
118.32
134.88
141.74
112.92
114.74
109.36
109.36
135.06
126.62
91.54
117.42
181.84
136.44
112.04
77.24
107.22
132.06
132.06
121.44
124.52
124.52
143.32
112.38
169.84
132.06
132.06
105.96
129.62
141.26
112.74
156.38
133.28
136.04
168.58
120.28
144.68
144.68
121.74
123.58
102.08
107.08
88.14
136.14
140.12
156.74
124.14
149.66
149.66
122.64
122.64
114.32
115.84
127.48
127.32
141.74
139.02
142.16
130.24
128.44
122.46
110.64
179.58
112.14
118.5
118.5
162.96
88.72
141.86
137.78
104.22
141.62
141.62
105.02
121.92
138.44
125.34
125.34
150.28
115.66
111.04
115.88
104.3
83.14
118.22
65.14
117.28
140.78
127.68
123.04
123.04
114.62
118.94
118.92
106.48
97.04
91.94
91.94
91.94
149.84
131.44
98.68
115.14
146.24
131.84
117.54
142.14
90.84
90.84
129.24
102.24
102.24
102.24
134.26
124.14
98.56
136.34
97.22
97.22
97.22
183.56
130.16
133.44
135.88
119.56
129.42
151.72
125.04
133.32
148.92
93.84
128.52
114.94
141.62
115.68
115.68
142.34
80.14
135.42
99.84
99.84
95.24
95.24
101.42
113.66
102.66
155.1
130.36
101.72
112.38
119.24
119.24
96.48
113.44
127.54
118.94
125.26
110.44
169.98
169.98
143.48
121.44
155.5
140.48
142.86
108.02
102.02
102.02
109.34
142.48
110.84
112.86
141.74
130.96
138.04
142.76
134.0
112.78
134.64
108.64
141.66
149.54
153.66
155.9
86.9
89.98
140.96
130.82
121.04
108.74
111.72
88.74
88.74
116.46
151.6
125.96
136.7
154.84
141.42
141.42
124.46
143.12
122.0
129.68
99.74
113.12
100.28
114.02
121.64
147.08
169.66
116.1
91.86
147.16
142.88
89.94
135.46
160.34
148.34
148.34
160.34
148.34
111.22
102.34
131.92
96.34
98.14
106.84
117.24
137.76
153.94
130.52
130.52
96.52
109.44
87.24
145.32
98.8
137.26
115.38
119.84
118.22
144.74
137.48
92.98
123.16
124.26
124.26
127.74
103.14
103.14
130.84
133.24
152.02
95.88
146.48
143.22
102.78
135.46
91.48
122.18
122.18
127.34
88.42
119.46
125.46
111.96
106.06
106.06
111.26
142.68
132.62
148.72
96.18
96.34
96.34
106.24
146.02
105.86
136.74
102.18
139.04
79.64
90.14
134.84
114.64
101.88
129.86
127.76
120.12
133.72
133.72
128.46
126.98
148.72
148.72
108.34
167.32
135.36
96.34
116.74
134.42
111.62
147.54
111.36
111.36
111.36
127.76
128.84
109.14
69.04
86.84
134.24
158.14
131.76
131.76
131.76
174.66
104.14
91.02
130.94
132.32
83.94
124.28
128.82
92.82
92.82
115.04
111.74
164.72
101.84
143.76
145.84
101.94
122.92
109.24
109.24
137.36
117.38
116.84
125.18
146.12
138.78
139.18
147.54
122.94
82.52
133.08
153.64
150.04
131.82
135.18
118.86
112.84
109.92
109.92
120.22
136.1
76.54
130.84
118.58
130.64
128.56
103.62
99.64
115.82
115.82
121.3
144.54
132.18
153.78
153.78
106.94
137.94
142.46
124.12
133.16
106.98
112.42
99.54
112.72
152.74
135.48
115.44
138.74
111.46
138.84
105.78
94.44
113.74
142.44
145.04
122.12
125.68
125.68
128.62
148.66
122.52
121.3
113.08
86.64
97.84
115.26
131.86
158.96
114.58
124.66
142.64
164.82
109.14
168.04
145.08
145.08
102.42
122.04
138.78
159.54
92.66
154.54
154.54
99.78
89.52
143.62
109.54
145.72
150.04
124.88
142.34
135.02
121.06
112.44
107.74
150.52
176.16
176.16
176.16
120.3
101.36
125.64
115.88
125.44
120.24
127.54
143.14
143.14
148.02
121.26
170.34
132.38
138.54
105.24
105.24
93.44
130.86
124.64
164.66
125.34
116.68
116.68
132.66
143.12
138.72
134.16
122.28
122.28
100.84
171.36
171.36
126.16
111.94
107.52
95.64
118.68
142.44
102.94
108.42
165.58
97.38
116.84
126.38
115.48
160.48
140.94
137.32
130.42
67.94
136.34
119.14
145.24
120.38
120.38
120.38
121.44
148.98
167.66
142.28
115.72
119.32
147.58
140.54
148.64
127.36
128.64
141.96
155.46
135.34
124.76
117.06
152.24
137.42
160.18
160.18
119.32
113.54
113.54
113.54
124.86
123.24
124.42
112.86
109.7
135.28
135.28
138.56
117.16
140.64
148.64
117.44
117.44
109.04
123.92
134.14
141.58
121.44
105.62
121.32
118.74
98.34
123.14
89.44
120.62
102.52
98.98
134.82
112.26
152.18
128.06
119.08
129.96
90.32
134.16
141.64
141.64
158.82
79.52
157.66
146.06
148.66
156.16
134.94
108.54
156.6
98.6
97.12
114.12
114.12
142.66
117.64
106.14
137.42
131.64
123.74
117.88
141.54
124.64
124.64
101.54
101.54
148.36
149.88
176.82
129.54
104.94
145.54
145.54
127.32
149.36
127.24
127.24
102.64
122.06
117.44
145.76
140.06
166.64
121.52
129.94
89.52
104.64
133.54
133.54
90.94
112.72
151.22
82.88
97.44
116.74
126.82
80.04
143.32
96.94
96.94
105.52
118.82
118.64
109.88
109.88
142.22
152.74
134.14
152.24
133.6
122.76
102.62
127.24
140.1
102.92
96.98
99.32
139.34
115.54
82.64
82.64
168.56
164.22
124.58
124.58
121.64
144.12
157.94
120.32
155.94
132.14
132.14
88.22
148.42
109.76
110.12
110.12
103.18
134.84
97.86
97.86
125.68
105.02
105.42
113.04
122.24
122.24
131.08
118.04
133.14
143.84
128.28
113.46
113.46
121.42
163.54
110.08
145.42
128.16
126.18
148.56
158.02
152.84
101.62
139.56
106.08
118.08
95.14
133.94
148.14
153.36
91.72
143.46
119.94
144.96
101.68
112.94
151.24
121.66
148.32
109.06
107.28
99.34
90.94
125.38
152.66
116.14
142.58
111.34
102.76
125.0
134.64
134.94
119.68
135.56
82.74
82.74
101.54
125.18
148.92
83.64
142.12
159.34
115.64
200.64
139.44
139.44
134.04
103.38
107.88
116.74
148.12
105.04
145.7
145.7
79.14
70.64
135.26
147.78
130.88
129.38
115.04
112.18
108.44
142.94
101.64
154.16
115.18
127.94
111.44
109.74
141.28
117.8
117.22
120.18
145.8
145.8
123.72
147.12
138.04
109.92
104.04
104.04
104.04
158.24
96.74
119.62
130.28
101.44
134.48
98.36
160.24
129.92
87.98
165.36
101.24
151.94
142.76
149.08
149.64
124.5
179.96
101.78
144.96
134.94
109.26
156.88
122.98
162.26
133.24
74.08
135.02
101.74
122.48
126.48
117.64
86.32
116.38
117.24
129.24
106.76
172.12
118.94
158.64
106.24
125.5
130.98
139.34
139.42
84.04
128.78
121.02
121.02
139.52
125.12
71.74
134.2
153.76
145.28
138.92
129.98
159.24
102.52
175.82
109.14
162.74
101.68
134.02
133.82
133.82
128.24
131.28
95.38
108.64
153.06
126.16
137.44
117.38
137.34
122.24
113.02
133.08
145.52
129.34
106.88
147.58
147.58
106.38
132.38
96.28
92.74
113.44
113.44
172.94
89.28
89.28
138.44
94.14
151.36
79.74
149.36
137.94
137.94
191.32
191.32
117.02
108.04
112.3
122.18
122.18
145.9
135.38
156.3
145.44
136.46
103.88
132.14
132.14
104.82
134.02
88.34
129.18
110.92
137.54
76.64
144.38
143.78
176.78
116.24
128.62
116.14
135.84
117.22
129.82
133.96
133.96
104.44
125.34
133.44
125.84
112.74
140.08
164.52
96.96
142.16
139.44
139.44
139.44
140.32
168.32
143.08
119.34
139.64
125.84
126.28
160.84
160.84
100.44
97.24
120.72
112.78
113.72
139.94
139.94
136.98
162.64
108.8
108.8
94.58
129.7
142.08
126.34
122.28
141.86
141.86
145.14
136.02
130.14
130.14
149.0
94.32
115.46
117.66
115.46
118.18
145.46
145.46
113.34
113.34
159.16
108.08
155.74
155.74
144.16
144.16
107.64
123.64
103.94
163.02
109.52
130.06
127.34
115.98
139.54
133.44
145.02
100.52
100.52
157.12
146.82
122.88
120.98
113.96
123.96
76.52
109.62
103.32
122.56
145.76
146.34
101.14
135.86
116.98
146.86
146.86
122.52
145.1
119.06
118.94
118.94
157.38
145.74
145.74
113.06
146.06
92.04
96.08
106.24
103.14
113.64
113.64
126.64
93.2
145.46
145.22
135.2
101.76
132.82
92.88
115.44
145.08
124.62
124.62
113.82
134.28
104.62
100.84
127.88
128.94
131.58
91.44
169.26
159.66
110.64
139.7
112.62
112.86
149.94
119.76
119.76
139.62
139.58
79.54
136.22
126.14
136.22
99.24
99.24
105.42
117.74
95.94
162.44
162.44
126.26
101.44
112.18
96.92
138.42
115.18
115.18
117.12
109.46
116.14
99.24
102.38
102.38
101.48
108.74
108.74
94.78
128.44
128.94
150.74
121.74
121.74
140.48
121.16
85.64
85.64
85.64
85.64
135.26
117.84
182.62
111.94
90.54
134.64
136.84
157.34
157.34
157.34
129.88
100.28
100.28
109.14
94.68
65.04
151.98
119.02
160.12
92.64
110.56
110.56
141.46
110.06
113.56
142.44
168.74
110.84
126.02
143.62
128.7
151.62
119.18
126.68
116.86
119.66
129.24
97.64
114.78
131.08
120.18
112.98
119.66
91.86
113.44
103.54
103.54
148.64
124.56
137.84
117.66
125.36
122.52
111.32
165.46
116.5
137.38
133.24
116.84
120.54
125.28
152.6
109.64
123.04
152.46
97.96
109.18
129.72
129.72
123.54
139.0
139.0
156.72
98.54
120.78
130.04
118.38
145.06
99.04
118.34
97.94
71.54
129.54
133.24
133.24
123.02
165.58
129.44
167.48
86.64
90.44
125.94
125.94
98.26
162.68
130.68
99.14
95.54
124.92
124.92
128.62
103.14
88.94
109.64
140.64
125.52
126.84
142.74
136.88
136.88
164.08
164.08
152.58
125.48
125.48
123.58
122.94
128.52
97.18
97.18
147.32
130.86
130.86
131.92
75.14
134.9
127.04
127.04
102.12
173.24
126.06
126.06
126.06
105.44
141.72
105.44
98.98
120.1
120.1
177.14
157.02
157.02
136.56
130.54
126.52
126.52
93.82
96.24
125.42
125.42
75.64
96.22
96.22
132.68
82.18
149.34
137.72
137.72
125.48
125.48
107.22
129.54
74.34
121.08
150.06
118.06
128.38
124.26
69.04
70.04
112.36
119.56
102.34
123.24
123.24
98.44
148.64
114.88
148.82
148.82
147.36
87.72
134.68
102.18
155.44
109.66
98.68
141.44
116.84
102.54
148.52
139.52
145.68
145.64
120.14
113.5
141.22
115.46
107.92
110.1
121.88
96.54
89.34
146.72
134.22
109.9
109.9
137.82
111.12
118.3
162.78
97.14
154.54
134.44
134.44
159.26
159.26
101.34
132.02
116.68
114.84
121.54
150.64
139.92
101.68
101.68
112.62
117.94
108.18
108.18
117.64
113.74
149.04
155.82
124.14
135.02
135.02
123.68
108.64
108.64
129.46
164.38
164.38
116.44
102.74
134.52
126.84
151.82
151.82
130.92
136.72
157.38
143.86
141.14
141.14
125.68
99.68
98.58
163.64
107.34
118.94
92.48
135.74
128.24
146.38
145.04
124.84
144.24
136.92
162.04
109.52
147.54
77.24
130.48
156.38
97.34
97.34
124.32
130.52
96.98
121.54
142.16
167.06
122.66
150.04
129.44
150.94
150.94
127.06
127.06
163.74
112.24
89.88
89.88
144.02
143.02
163.84
92.94
94.88
117.42
134.74
134.74
134.74
124.08
124.08
131.38
131.38
110.96
148.24
145.66
106.42
106.42
111.38
132.54
146.5
164.9
164.9
130.68
115.44
124.76
129.94
157.1
159.72
159.72
106.84
106.84
122.72
152.38
171.78
171.78
107.34
133.94
133.94
133.94
133.94
116.92
86.64
146.56
137.82
131.26
130.14
144.82
138.98
113.92
154.64
89.44
111.8
128.3
128.3
140.94
98.62
132.52
127.72
117.22
107.04
120.94
85.44
170.58
170.58
125.16
143.94
83.74
83.74
116.62
139.24
109.52
129.94
118.3
143.94
156.86
134.0
91.98
91.98
85.54
85.54
113.38
123.82
98.24
176.64
133.04
115.92
114.74
136.28
124.18
94.64
115.74
120.28
104.04
104.04
88.54
129.26
111.06
153.84
157.54
100.14
176.74
125.94
136.94
113.46
117.88
135.12
140.42
148.78
143.94
157.86
87.74
85.62
140.28
126.44
126.44
119.32
136.28
136.28
106.72
148.92
125.68
130.08
130.08
130.08
115.84
139.66
89.38
129.32
108.92
113.88
128.56
140.08
140.08
140.08
126.54
99.44
109.84
108.02
121.28
124.36
116.94
130.04
129.54
117.58
126.14
125.42
125.42
137.54
170.04
108.66
117.72
129.14
118.82
150.24
111.74
81.14
97.34
129.54
140.96
125.58
114.04
114.04
141.6
158.54
135.52
113.84
111.68
141.06
127.44
138.98
83.64
83.64
104.94
128.44
123.74
123.18
119.98
111.88
108.26
151.44
134.52
134.52
74.94
119.42
129.14
133.92
142.14
109.44
143.34
143.34
120.74
142.16
136.94
123.66
101.58
115.02
121.34
121.34
121.34
121.34
121.34
141.92
141.92
144.34
123.02
132.46
130.94
127.06
112.82
101.56
94.54
87.58
138.94
144.26
147.38
137.52
111.86
111.86
127.74
128.34
130.38
103.54
136.34
136.34
124.64
117.74
158.04
158.04
158.04
141.68
133.12
121.52
127.24
127.94
142.36
141.12
103.08
114.12
83.74
90.64
113.24
116.34
134.66
111.76
146.94
163.66
129.16
121.44
121.44
103.82
124.44
118.48
115.24
130.24
121.88
133.28
111.54
125.82
128.52
111.28
145.56
107.04
161.38
135.92
110.44
136.34
109.94
109.94
131.5
144.44
114.34
125.82
125.82
133.84
76.04
143.04
122.18
111.32
159.86
130.62
94.38
99.48
87.84
95.02
150.96
120.8
130.74
111.86
111.86
111.86
137.06
128.0
128.0
119.18
119.18
123.78
153.14
135.92
143.34
146.5
146.94
123.44
123.44
125.36
107.22
132.54
132.54
144.34
144.34
167.6
167.72
128.24
159.1
143.96
136.02
110.72
127.94
128.24
124.58
124.58
115.76
115.76
115.76
99.14
111.44
142.86
130.44
128.62
100.16
141.28
103.84
105.04
113.78
122.44
108.34
110.74
110.74
130.24
105.78
97.04
128.36
128.36
107.92
126.54
164.64
131.16
138.02
90.62
125.42
155.82
117.74
88.94
163.66
108.16
139.94
143.68
115.18
124.74
106.04
126.34
126.34
127.26
104.84
127.68
190.44
131.22
104.06
111.36
111.36
138.28
138.28
141.04
141.04
141.04
129.82
173.88
164.72
143.22
151.02
144.18
145.16
107.76
169.56
156.88
139.66
106.24
128.68
123.86
127.82
142.16
159.46
130.88
91.64
159.26
123.32
96.14
114.24
117.48
117.48
116.52
165.72
165.72
122.98
124.94
172.92
123.68
137.64
107.32
107.32
120.12
120.12
157.36
115.72
115.72
103.28
129.36
129.36
129.36
133.94
109.62
156.14
114.34
129.84
143.96
121.02
155.82
71.64
145.24
140.74
132.08
155.28
126.48
140.74
122.12
151.88
136.48
126.54
106.14
112.22
157.32
124.08
132.42
121.56
127.04
104.96
153.86
152.94
117.32
131.92
134.88
134.88
151.18
151.18
119.04
141.48
131.44
161.62
87.92
137.78
121.58
130.84
130.84
121.74
127.6
80.44
144.14
99.04
140.74
112.14
112.14
112.14
112.14
112.14
114.04
124.34
89.64
140.28
112.76
108.04
115.52
108.94
101.72
100.88
140.92
140.92
127.26
135.94
135.94
117.64
129.12
149.62
125.58
134.66
115.66
98.68
115.38
100.02
100.02
132.42
114.78
138.42
138.42
116.68
115.28
121.34
145.02
145.02
133.52
122.58
142.74
154.24
103.74
111.12
111.12
113.58
111.12
129.34
127.82
130.12
138.08
160.88
90.04
119.14
125.58
125.58
105.06
126.88
126.88
124.24
139.82
116.34
102.84
102.84
106.02
91.38
163.14
120.68
114.64
113.18
157.82
144.76
105.54
121.36
106.54
137.14
160.54
138.0
98.3
139.08
126.22
126.76
118.84
123.48
151.32
151.32
137.58
104.04
149.26
122.4
108.68
123.96
145.94
151.62
125.56
125.56
109.54
138.36
141.04
124.42
140.56
145.86
145.86
145.86
145.86
143.14
155.32
149.16
113.18
113.08
122.52
125.24
109.22
128.18
152.38
130.34
116.94
134.84
128.48
119.78
156.52
141.56
151.54
111.88
127.98
99.74
145.24
89.24
129.38
110.74
121.88
126.28
124.34
121.04
89.14
101.74
169.92
169.92
143.04
143.04
147.08
127.14
124.84
138.56
119.58
181.34
104.44
88.14
126.64
124.34
105.02
117.96
126.34
126.76
152.42
152.42
116.04
134.9
134.9
117.66
117.66
118.78
154.44
150.14
113.88
122.32
140.02
137.52
118.74
123.24
156.28
129.44
159.66
136.64
113.12
106.44
86.34
138.36
114.16
128.24
110.84
141.32
141.32
108.64
140.98
130.04
147.68
138.22
106.84
137.86
149.04
113.24
145.94
99.88
94.64
138.18
121.1
159.76
143.82
121.78
127.24
127.24
178.14
140.12
161.52
168.04
112.14
124.12
128.34
128.34
106.66
142.94
100.74
89.28
107.58
103.28
119.52
132.22
124.92
122.32
103.68
123.44
108.24
93.44
123.2
123.2
125.64
125.64
155.72
126.28
149.16
131.26
105.16
105.16
104.48
114.32
117.78
109.14
109.14
133.74
101.76
101.82
126.14
104.12
127.44
150.28
117.52
173.02
143.94
158.2
89.18
98.68
107.14
97.14
151.88
140.72
126.34
126.34
115.12
139.82
90.6
90.6
130.42
107.34
137.12
120.34
144.58
148.58
126.34
114.92
103.54
90.44
129.22
131.72
164.78
109.32
108.5
157.92
142.66
142.76
93.56
134.78
112.74
83.04
142.52
125.28
130.16
122.44
122.44
131.24
110.44
110.44
123.52
141.34
125.16
117.06
155.14
106.12
106.12
109.44
109.44
134.88
148.74
190.9
106.24
106.24
129.86
156.72
156.72
106.52
134.62
109.06
146.24
155.58
104.62
80.74
138.14
126.74
75.74
129.74
89.22
89.22
111.32
116.64
148.4
134.78
161.26
153.26
130.26
130.26
136.34
115.1
136.34
92.02
108.54
120.14
159.46
129.52
114.32
101.94
143.48
126.84
136.76
106.64
135.64
132.28
103.14
127.72
144.24
104.44
120.98
141.72
132.26
185.54
144.74
142.58
