MAZE 23 41
  5  19   6  19
 10  30  10  31
 18   8  19   8
 18  29  18  30
 13  36  13  37
  6  38   7  38
 20  20  20  21
 12   8  13   8
 13  26  13  27
 18  10  18  11
  3   7   4   7
 10  10  11  10
 11   9  11  10
  9   5  10   5
 12  33  12  34
 10  33  10  34
 16  17  16  18
  1  16   2  16
 15  18  16  18
  4   6   5   6
 17  39  17  40
  1  39   1  40
  9  30  10  30
 11   5  11   6
 13  39  13  40
 18  12  19  12
  9  23  10  23
 18  27  18  28
 16  29  17  29
 13   6  14   6
 20  11  21  11
  6  37   7  37
 18   5  18   6
 18  24  18  25
 13  26  14  26
 12  24  12  25
 21  14  21  15
 20  18  20  19
  2  13   2  14
 18   7  18   8
  6  11   7  11
 13  37  14  37
 20  37  20  38
 14  24  14  25
  0  14   0  15
  4  15   4  16
 15  38  15  39
 13  32  14  32
  6  16   7  16
 10  35  11  35
 10   3  10   4
  1   4   2   4
 18   4  19   4
 14   7  14   8
 19  12  20  12
  4  30   4  31
  9   1   9   2
 20   1  20   2
  9  33   9  34
 19   6  20   6
  2  11   2  12
 21  39  21  40
 19  32  20  32
  4  19   5  19
  9  27   9  28
 21  38  21  39
  3   4   4   4
 17  39  18  39
 19  29  19  30
  1  35   1  36
 14  35  14  36
 11   8  12   8
 17   5  18   5
  1   5   1   6
 16  28  17  28
 17  25  18  25
  4  34   5  34
  4   3   5   3
  4  35   4  36
  2  27   3  27
  9  35   9  36
  3  27   3  28
 15   5  16   5
  1  10   2  10
 17  34  17  35
 12   4  12   5
  7  24   8  24
 18  35  19  35
  7  13   8  13
 19  23  19  24
 21  37  21  38
  1   6   2   6
 14  23  14  24
  7  38   8  38
  8  38   9  38
  4  17   4  18
 13  38  14  38
 20  33  20  34
  3  13   4  13
  8   2   8   3
  4  37   4  38
 19   1  20   1
  9  34   9  35
 10  13  11  13
 15   6  16   6
  2  24   2  25
 22  32  22  33
  8  17   8  18
 12  34  12  35
  6   1   6   2
 16   0  16   1
 15   4  15   5
  5   5   5   6
 14   5  14   6
  5   8   5   9
  5  35   6  35
 13  31  13  32
  3   9   4   9
 19  25  20  25
 10  12  11  12
 14   3  14   4
 10  31  10  32
 16  10  16  11
 14  12  14  13
 14  30  14  31
 12  35  12  36
 17   8  17   9
 16  39  16  40
 15  25  15  26
 16  37  16  38
 15   7  15   8
  5  24   5  25
 18  29  19  29
 14   3  15   3
  4  18   4  19
  3   9   3  10
 22   2  22   3
  7  18   7  19
 21   7  21   8
 12  18  13  18
  7  12   7  13
 14  22  14  23
 17  22  17  23
 16   3  16   4
  7   7   8   7
 11  32  12  32
 17  24  18  24
  6  31   7  31
  7  29   7  30
  0  39   0  40
  6  28   6  29
  6  29   6  30
 10  32  10  33
  0  20   0  21
  8  30   9  30
 12  31  12  32
 14  32  15  32
 12   1  13   1
 16  21  16  22
  6  23   6  24
  6  35   7  35
  4  18   5  18
 17  11  18  11
 20  36  20  37
 18  16  18  17
  7  19   8  19
 17  23  17  24
 16  27  17  27
 10  21  11  21
 10  25  10  26
 14   5  15   5
 21  16  22  16
 19  11  19  12
  9  21  10  21
 21  34  22  34
 10  22  10  23
 15  30  15  31
 19  36  19  37
 13  29  14  29
  2  10   2  11
 13   4  13   5
  2   3   3   3
  9  10  10  10
  8  14   8  15
  4   8   5   8
 20   2  21   2
 14  29  15  29
  3  18   3  19
  2  21   3  21
 12  14  13  14
 19  14  19  15
  8  25   8  26
  7  19   7  20
  4   4   4   5
 12  23  13  23
 13  25  13  26
  7  33   7  34
 15  28  16  28
  4  10   5  10
 16  22  17  22
 17   9  17  10
  6   1   7   1
  9  10   9  11
  3  13   3  14
 19   3  19   4
  0  32   1  32
 20  12  21  12
  8  13   9  13
 21  20  22  20
 11  34  11  35
  8  31   8  32
  7   4   7   5
 10  27  10  28
 18  37  18  38
 14  37  15  37
 12  27  12  28
  8  21   8  22
  6  20   6  21
 13  16  13  17
 20   6  21   6
  6  30   6  31
 20  29  21  29
 17   2  18   2
  4  22   4  23
 21  39  22  39
  3  32   3  33
 22  10  22  11
 10   8  11   8
  1  11   1  12
 10  37  10  38
  5   2   5   3
  2  32   2  33
  8   3   9   3
  9  28  10  28
  3  33   4  33
  4  27   4  28
  9  36  10  36
 20  22  20  23
 14  13  14  14
 10  24  10  25
 19   6  19   7
 10  18  10  19
  2   7   3   7
 19  20  19  21
 10  20  11  20
 21  29  21  30
 20  28  20  29
 10  28  10  29
 10  15  11  15
  2  38   3  38
 19   2  19   3
 18  11  18  12
  4  30   5  30
 19   5  20   5
 15  21  16  21
  1  31   2  31
  4  25   5  25
  1  17   1  18
  0  34   0  35
 22  35  22  36
 14  18  15  18
  5  38   5  39
 16  38  16  39
  5   0   6   0
 22  11  22  12
 14  22  15  22
 20  19  20  20
  3  24   4  24
  0   8   1   8
 15  18  15  19
  1  22   1  23
 22  12  22  13
 15  37  16  37
 18  14  18  15
  8  24   9  24
 10   0  10   1
  8  11   8  12
  4  28   5  28
 10  29  10  30
  4  34   4  35
 18  23  18  24
 12  23  12  24
 12  40  13  40
 18  26  18  27
  5  40   6  40
  3  38   4  38
  8  23   9  23
 16  28  16  29
 20  23  21  23
 19  20  20  20
  3  11   4  11
 19  26  19  27
  1  12   1  13
 11  25  12  25
 11  32  11  33
 17  38  17  39
 15   6  15   7
  1  38   1  39
 22   1  22   2
 11  28  12  28
 20  25  21  25
  8  33   9  33
  9  30   9  31
 17  32  18  32
 10   8  10   9
 18  20  18  21
 19  19  20  19
  4  39   5  39
  6   6   7   6
 12   3  13   3
 17  12  17  13
 21  21  21  22
  4  11   5  11
  3  22   4  22
  3  31   4  31
  0  19   0  20
  5  11   5  12
 15   9  15  10
 14  16  14  17
  2  24   3  24
  5  28   6  28
  3  36   3  37
 12  14  12  15
  1  20   2  20
  8   4   9   4
 10  17  10  18
  8   1   8   2
  7   9   7  10
  4  29   4  30
  8  34   9  34
 19  18  19  19
 21  36  22  36
 21  25  22  25
  8  15   9  15
  5  37   6  37
 13  23  13  24
 12   2  12   3
  5  25   5  26
 22   6  22   7
 22   3  22   4
  3  17   3  18
  1   8   2   8
  9  31   9  32
  1  19   1  20
  9  12  10  12
 12  32  12  33
 22  38  22  39
 13  16  14  16
  2   8   2   9
 10  38  10  39
 15  14  16  14
  9  31  10  31
  3  28   3  29
 19  31  19  32
  7   8   8   8
  0  37   0  38
  4  24   5  24
 17  20  18  20
  3   3   4   3
  0  25   1  25
  1   5   2   5
  1   1   2   1
 20   5  21   5
  6  26   6  27
  0   7   0   8
 10  34  10  35
 19  14  20  14
 17  36  18  36
 13  15  14  15
  8   8   9   8
 22  15  22  16
 10  16  10  17
 20  17  20  18
 21  35  22  35
  2  32   3  32
  7  34   7  35
 16  12  16  13
  2  23   2  24
  0  18   1  18
 11   3  12   3
 17  27  18  27
  4  20   4  21
  1  29   2  29
  7  10   7  11
  6  36   7  36
 16  15  17  15
  6  18   6  19
  5  12   5  13
  0   2   0   3
 18  18  19  18
  4  16   4  17
 12   1  12   2
 19  15  20  15
 14  27  15  27
 15  36  16  36
  4  10   4  11
  9  20   9  21
 15  30  16  30
 17  35  17  36
 10  21  10  22
 11  29  12  29
  8  32   8  33
 17   1  18   1
 11  22  11  23
 13  30  14  30
 21   3  21   4
 15  31  16  31
  9  39   9  40
  1  35   2  35
  2  39   3  39
  9  16  10  16
 11  20  12  20
 11  26  12  26
 13   8  14   8
  8   5   9   5
  1  19   2  19
 13  30  13  31
 18  35  18  36
 14   1  15   1
  9   2  10   2
  7  29   8  29
 17   7  18   7
 14  11  14  12
 13  18  13  19
  3  38   3  39
  5  17   5  18
  2  25   2  26
  7   4   8   4
  9  18  10  18
 18  28  18  29
 19   4  20   4
 20  22  21  22
 12  16  13  16
 17   4  18   4
  9  13  10  13
 21  11  21  12
  7  37   7  38
 12  30  12  31
  9  26   9  27
  5  38   6  38
 18  21  18  22
 15   8  15   9
  1   2   1   3
 10  38  11  38
  8  19   8  20
 11  18  12  18
  2  12   2  13
  7  22   7  23
 13   4  14   4
  0   3   0   4
  6  39   6  40
 16  32  17  32
  9  17   9  18
  6  17   6  18
  6   9   7   9
 13  29  13  30
 12   9  13   9
 17  26  17  27
  5  14   6  14
 18  19  18  20
 15  24  16  24
  3  10   3  11
  1  15   1  16
 17  14  17  15
  2   1   3   1
  3   0   4   0
 11  23  12  23
 17  11  17  12
  8  18   9  18
 12  38  12  39
 13  28  13  29
 16   7  17   7
 21  26  21  27
 18  15  19  15
 11  36  11  37
  0   4   1   4
 16  24  16  25
 17  37  18  37
  0  24   0  25
 13   1  14   1
  5  34   6  34
 22  31  22  32
 19   9  19  10
  1  21   2  21
 14  25  15  25
  5  14   5  15
  4  33   4  34
  2  29   3  29
 11  13  12  13
  1  33   2  33
 13  33  13  34
 21  28  22  28
  5  13   5  14
 16   6  16   7
  4   2   4   3
  1  27   1  28
  9  17  10  17
  9  16   9  17
 10   6  10   7
  3  35   3  36
  7   1   7   2
 10   4  10   5
  2  21   2  22
  9  11  10  11
  6   9   6  10
 15  12  16  12
 16  25  16  26
 20  17  21  17
 17  21  18  21
 15   8  16   8
  1  14   1  15
 17  31  17  32
 20  11  20  12
 10  39  10  40
  2   7   2   8
  8   7   8   8
 14  34  15  34
  6   8   6   9
 19  22  19  23
 10  39  11  39
 21  21  22  21
 16   7  16   8
  6  29   7  29
  9   6  10   6
  6   3   6   4
 17  36  17  37
 15   1  15   2
 19  16  20  16
 21   4  21   5
 18  14  19  14
 12  28  12  29
  8  27   8  28
 20  32  21  32
 19  11  20  11
 15   2  15   3
  3  27   4  27
 20   4  20   5
  7  40   8  40
 17   6  18   6
  9   9   9  10
  7   0   8   0
 18  15  18  16
 11   2  12   2
  8  15   8  16
 19  26  20  26
  4  31   5  31
 17  31  18  31
  6  23   7  23
 14  21  14  22
  8  35   9  35
  0  11   0  12
  2  20   3  20
  8  10   8  11
  3  21   4  21
  1  32   1  33
 11  22  12  22
  0  18   0  19
 17  38  18  38
  2  17   2  18
  3  15   4  15
  9   0  10   0
 15  14  15  15
 16   9  17   9
 19  28  20  28
  8  26   9  26
  0  34   1  34
 14  10  14  11
 21  19  21  20
 22   8  22   9
 17   1  17   2
 13  10  14  10
  8  36   9  36
 11  11  12  11
  2  36   2  37
  7  11   7  12
 10  19  11  19
  5   6   6   6
  0  36   0  37
  1  30   1  31
 15  34  16  34
 19  33  20  33
  0  26   1  26
 10   7  10   8
 16   9  16  10
  6  36   6  37
 18   9  18  10
 11  15  11  16
 18  39  18  40
 20  38  20  39
 16  23  16  24
  4   2   5   2
 13  11  14  11
  2  33   3  33
  0  12   1  12
  5  35   5  36
 12  37  12  38
  8  25   9  25
  5  18   5  19
 21   6  22   6
  7  23   7  24
 12  20  13  20
 22  26  22  27
 14  28  14  29
 14  35  15  35
 11   8  11   9
 18  16  19  16
 21  35  21  36
 15   3  15   4
  1  10   1  11
 18  26  19  26
 13  34  14  34
  4  38   5  38
 19  30  19  31
 16  16  16  17
 18  32  18  33
 18  38  18  39
  0  30   1  30
  4  21   5  21
 20   1  21   1
  7  20   7  21
 20  26  20  27
 19  21  19  22
 22  17  22  18
  6  14   7  14
 19   8  20   8
 21   1  21   2
  0  38   1  38
 16   2  17   2
 16  34  16  35
  5  26   6  26
 14  20  15  20
 13  13  13  14
 15  23  16  23
 19  35  20  35
 13  10  13  11
  0   1   1   1
 21  10  22  10
  8  22   8  23
 19   0  19   1
 17  17  17  18
 15  12  15  13
  4  24   4  25
  3  19   3  20
  6  34   6  35
  7  25   7  26
 21  22  21  23
  1  26   2  26
  2  22   3  22
  2   6   3   6
  3   8   4   8
  5  16   5  17
  3  23   3  24
 12  33  13  33
  1  25   1  26
  7  36   8  36
 13  28  14  28
 12  13  13  13
 13  35  14  35
  6  15   6  16
  7   5   8   5
 20  24  21  24
  6   2   7   2
  0   5   1   5
 16  14  17  14
  1  30   2  30
  3   7   3   8
  4  39   4  40
 11  16  11  17
 10  23  11  23
 16   4  16   5
 18  23  19  23
  6  21   7  21
  1  16   1  17
  2  23   3  23
 11  37  12  37
 13  20  14  20
  2   2   2   3
 15  16  15  17
 10  26  11  26
 21  19  22  19
  5  23   6  23
 20  35  21  35
 13  17  14  17
  1  33   1  34
 13   2  14   2
  9  21   9  22
  8   6   8   7
  8  22   9  22
 20   2  20   3
 12   7  13   7
 13   9  14   9
  0  24   1  24
  5  21   5  22
  5  20   5  21
 18  13  18  14
  4  13   5  13
  8   9   9   9
 11  38  11  39
  7   7   7   8
  5   4   6   4
 20   8  21   8
  0  29   1  29
  1   2   2   2
 21  13  22  13
 12   0  13   0
 16  33  17  33
 15  33  16  33
  4  16   5  16
 13  23  14  23
 15  21  15  22
  6  30   7  30
 15  19  16  19
 10  14  10  15
  9  25  10  25
 15  27  16  27
 16   1  16   2
  7  16   7  17
 12  10  13  10
  0   6   1   6
 11  13  11  14
  6   3   7   3
  8  32   9  32
  7  30   8  30
 12   5  13   5
 20  16  20  17
 15  39  15  40
  6  25   7  25
  5  39   6  39
 14  37  14  38
  2  26   2  27
 20  39  20  40
 12  27  13  27
 21  29  22  29
  8   5   8   6
 21   9  21  10
 16  25  17  25
  8  36   8  37
  0  11   1  11
 12  11  12  12
 18  36  18  37
 12  35  13  35
 20  32  20  33
 14  18  14  19
 22  25  22  26
 11  16  12  16
  8  13   8  14
 19  34  19  35
 11  27  12  27
  9  40  10  40
 21  18  22  18
  3  34   3  35
  0  13   1  13
 13  11  13  12
  0   0   0   1
 17  33  17  34
  8  39   9  39
  6   4   7   4
 20  30  21  30
 21  15  22  15
  9   9  10   9
 17  23  18  23
 10  27  11  27
 14  15  15  15
  4   0   4   1
  5  10   6  10
 22  30  22  31
 16   1  17   1
 14  28  15  28
 17   7  17   8
 15  32  15  33
 16  30  16  31
  2  28   2  29
  3  29   4  29
 22  37  22  38
 12  12  12  13
  3   0   3   1
  6  34   7  34
 11  31  12  31
 21  30  21  31
  4  17   5  17
  7   1   8   1
  2   4   3   4
  4   9   4  10
 13   0  13   1
 11   5  12   5
  0  22   0  23
 13  12  13  13
 14  31  15  31
  5   8   6   8
 12   0  12   1
  4  12   4  13
 14  21  15  21
  0  21   0  22
 11   3  11   4
 14   0  14   1
  9   6   9   7
 17  18  18  18
  7   6   8   6
 14  15  14  16
 20  27  21  27
  9  24   9  25
 13  14  14  14
 19  34  20  34
 12   8  12   9
 17   5  17   6
  6  33   7  33
  5  32   5  33
 18   1  18   2
  7   8   7   9
  2  15   2  16
  2  37   3  37
 15  11  15  12
 19  28  19  29
  6  27   6  28
 13  21  13  22
  1  34   2  34
 11  18  11  19
  0   9   0  10
  4   1   4   2
  6  14   6  15
 11  21  11  22
 15  36  15  37
 20  13  21  13
 16  19  16  20
  5  31   6  31
  4  26   5  26
 15  10  16  10
 16  20  17  20
  8   0   8   1
 22  23  22  24
 11  10  11  11
 11  39  12  39
  2  16   3  16
  7  17   8  17
  3   6   4   6
 19   7  20   7
 12  20  12  21
 16  20  16  21
 14   9  15   9
 19  31  20  31
  7  12   8  12
 16   3  17   3
  4  36   4  37
 14  20  14  21
 11   6  12   6
  1  17   2  17
  2  37   2  38
 17  18  17  19
  3  26   4  26
  8  28   8  29
  4  14   4  15
  7  14   8  14
 15  16  16  16
  3  22   3  23
  7  28   8  28
 20  16  21  16
 22   7  22   8
  2  15   3  15
  6   6   6   7
 12  21  13  21
 21   0  22   0
 11  26  11  27
 18  34  19  34
  7  35   8  35
  6   5   7   5
 21   4  22   4
  5   1   5   2
 16  16  17  16
  9  19  10  19
 10   3  11   3
 12  38  13  38
  2  30   3  30
 20  36  21  36
 16  36  16  37
  6  32   6  33
  0  28   0  29
  8  26   8  27
  0  27   1  27
 16  31  17  31
 10   1  11   1
