139.36
140.12
136.82
107.34
107.34
112.08
133.14
133.56
133.56
142.34
123.82
118.84
118.84
109.88
88.74
88.74
159.18
159.18
130.14
89.34
155.56
130.08
91.12
91.12
98.24
122.14
165.46
165.46
147.54
109.24
120.14
127.34
127.34
151.32
100.1
106.84
139.74
120.14
123.56
119.14
144.98
144.98
132.74
112.24
141.56
116.84
119.52
118.94
118.94
169.28
145.76
135.96
149.24
130.96
124.64
152.44
120.06
131.34
100.14
100.14
135.92
135.92
149.66
138.64
89.38
122.88
102.88
127.18
145.68
145.08
133.76
145.88
128.38
124.12
98.44
186.06
139.24
116.46
136.76
96.94
173.62
173.62
119.18
119.18
112.34
167.94
139.92
98.84
139.48
143.62
125.96
148.94
141.2
115.2
93.26
126.06
126.06
120.44
142.26
136.14
109.24
130.24
121.72
137.54
133.14
109.82
109.52
114.02
124.12
114.02
138.82
107.08
107.08
162.94
118.46
126.76
121.66
133.12
147.94
123.22
158.46
140.24
138.34
134.46
120.94
106.46
131.44
146.06
118.74
121.66
131.38
117.86
127.48
156.86
108.54
102.92
103.54
102.88
86.7
115.86
105.78
120.64
157.84
108.32
108.32
126.04
120.74
115.94
135.74
115.52
122.86
136.26
137.96
137.96
151.66
172.84
102.78
131.96
132.64
117.44
87.12
128.14
139.76
115.56
125.28
107.96
107.96
109.94
98.36
106.34
144.46
107.82
128.02
120.32
150.94
84.04
140.06
140.06
147.84
91.24
109.96
109.96
157.36
157.36
157.36
131.82
105.24
123.84
100.74
113.64
113.88
113.88
143.42
159.58
136.38
137.58
132.68
116.04
131.84
132.66
179.48
121.64
125.96
87.94
143.64
143.64
143.64
109.94
101.72
123.66
135.3
118.28
118.28
101.78
101.78
147.32
134.64
129.1
120.04
95.88
114.54
114.54
105.96
136.34
124.14
127.24
135.08
115.74
115.74
104.62
113.82
91.22
121.12
177.28
119.12
122.42
131.02
81.64
147.58
144.94
127.38
127.38
147.14
128.02
145.62
137.14
111.72
94.64
140.22
128.34
141.34
103.0
128.82
93.18
128.28
98.12
126.16
119.94
98.64
109.24
142.46
93.14
117.54
117.94
151.46
104.22
104.22
98.38
115.46
126.54
110.5
107.72
129.18
93.34
83.48
83.64
145.24
145.24
97.54
130.84
144.06
130.42
123.84
131.54
138.24
147.96
118.36
118.36
149.84
109.14
121.94
128.34
95.04
166.74
130.34
135.72
117.7
125.44
149.58
129.66
144.68
120.14
161.66
161.66
113.54
106.54
124.6
92.04
121.48
121.48
99.28
99.28
89.94
145.04
121.34
111.52
111.86
88.54
86.74
86.74
98.38
135.24
94.84
129.28
154.12
126.54
126.54
133.96
105.98
125.98
165.84
132.84
89.14
89.14
131.48
180.54
109.26
132.18
130.88
131.04
137.94
119.46
119.46
118.74
104.34
94.48
103.16
103.16
142.6
138.26
133.98
105.92
143.22
128.44
146.74
121.44
107.88
120.38
120.38
141.24
132.66
161.38
111.44
132.62
157.86
101.64
101.64
152.62
135.06
135.06
100.52
100.52
151.02
130.08
130.08
125.04
134.82
144.66
159.84
160.24
117.46
126.06
140.32
140.32
119.28
119.28
117.04
164.14
164.14
129.64
124.44
102.36
131.12
163.52
128.34
155.72
106.46
112.68
106.02
142.34
104.58
102.86
109.44
122.66
133.18
119.94
131.86
104.64
117.24
146.24
161.76
57.14
148.84
121.44
118.36
155.16
155.16
96.24
138.56
108.84
119.8
139.08
65.74
65.74
105.82
124.84
176.94
110.84
110.84
111.38
177.36
139.76
110.2
111.06
84.14
116.04
158.0
85.34
157.46
145.24
138.12
98.44
145.94
140.44
95.14
103.04
124.42
129.7
125.1
96.64
123.02
113.72
140.64
101.78
105.78
86.94
86.94
112.74
134.24
116.82
158.04
176.86
130.02
173.66
173.66
115.22
134.72
133.28
114.4
155.92
135.04
110.92
128.04
115.44
134.74
102.26
128.68
156.04
136.14
136.14
148.96
105.74
136.48
84.84
84.84
84.84
131.64
131.64
107.94
106.88
120.38
132.7
101.98
146.46
108.92
129.66
102.94
143.46
113.72
104.32
116.38
160.24
120.48
107.72
153.88
149.02
170.62
119.76
116.26
107.04
119.04
135.84
122.2
122.2
122.2
122.2
116.06
107.48
106.04
160.94
167.12
148.4
148.4
129.24
164.74
149.28
146.66
107.28
108.44
108.44
114.38
141.48
128.96
139.0
110.78
116.94
103.38
113.88
145.16
130.04
103.38
96.74
159.12
111.24
111.54
111.54
111.54
130.28
88.64
126.32
125.16
125.16
158.14
92.36
90.82
90.82
148.58
119.92
88.64
107.74
123.96
93.22
133.66
137.92
111.12
130.12
162.68
86.74
109.74
143.9
126.44
129.58
168.66
143.08
114.46
106.18
131.64
131.64
106.08
164.32
102.54
139.36
102.72
110.22
150.18
89.34
133.68
143.48
108.82
102.64
127.94
173.08
113.84
146.96
121.44
142.08
80.58
128.68
84.84
130.48
101.34
146.94
129.72
109.96
102.88
135.32
115.02
137.52
124.82
106.78
113.32
107.04
74.54
74.54
136.16
82.84
160.86
111.96
135.54
134.18
148.04
139.64
142.52
116.52
158.96
124.02
124.02
96.04
165.86
139.82
102.38
131.44
120.84
168.6
135.52
105.54
124.94
124.94
128.82
144.32
145.12
151.14
109.78
129.62
139.46
88.44
96.26
90.18
85.44
159.36
120.08
124.74
124.74
125.56
101.02
126.74
102.84
102.84
96.24
99.8
117.88
140.92
106.14
92.04
151.18
93.14
98.26
102.64
95.54
97.94
145.64
148.34
133.34
161.14
101.74
115.46
115.46
90.84
90.84
113.98
109.62
148.38
103.6
121.26
145.88
82.94
181.54
152.36
116.44
136.44
145.34
145.34
132.74
138.44
137.48
127.82
76.98
102.82
86.04
101.54
137.26
99.62
129.56
109.04
176.54
164.16
164.16
165.94
93.28
93.28
117.34
117.34
143.46
101.52
122.46
110.36
109.34
111.68
115.94
104.92
129.24
146.26
155.32
150.98
113.52
108.94
108.94
109.04
102.64
114.88
162.58
147.64
120.04
132.26
146.68
101.74
142.72
124.66
108.84
145.78
85.76
112.12
178.74
178.74
138.34
119.8
144.66
82.24
144.86
115.04
89.68
138.34
101.48
101.48
82.24
117.68
143.64
130.94
130.94
98.26
97.5
149.22
149.22
140.02
133.28
133.28
153.98
153.98
153.98
143.82
142.06
141.34
98.54
98.54
123.22
145.34
145.34
118.44
140.08
143.72
153.12
108.74
123.88
158.96
158.96
146.32
114.28
114.28
114.28
125.14
111.28
145.16
156.54
117.74
121.08
139.92
136.74
102.66
129.16
129.88
125.22
129.42
129.42
125.32
86.54
112.78
112.78
100.24
100.24
122.56
96.24
106.84
106.84
169.46
126.68
98.62
136.04
128.88
164.88
135.26
109.64
131.44
131.44
139.48
122.56
143.74
135.84
91.24
89.24
130.36
122.08
139.14
125.34
114.18
114.18
83.58
119.56
123.08
147.64
102.86
132.56
165.02
105.28
105.88
103.74
95.42
121.72
109.04
157.28
116.9
145.42
145.42
149.58
147.78
122.42
158.12
91.58
105.66
164.52
127.12
127.86
123.02
140.14
133.82
128.44
105.86
138.82
139.86
126.02
110.02
152.68
151.88
178.12
132.84
137.18
143.18
112.48
119.04
94.64
119.54
127.58
127.58
127.58
125.96
116.62
120.38
140.04
147.94
127.52
130.12
169.52
147.02
130.26
165.82
165.82
131.06
164.12
155.62
155.62
100.34
110.22
110.22
100.24
133.56
143.62
83.04
150.96
155.42
113.28
145.22
113.52
113.84
113.84
121.76
123.96
134.48
102.04
153.98
128.64
121.8
157.04
121.24
121.24
125.78
168.28
167.9
132.54
130.44
104.78
117.74
130.48
114.28
136.28
136.28
151.08
137.34
158.16
158.16
158.16
129.84
121.78
121.82
114.34
124.94
154.06
127.44
128.12
128.12
153.18
123.18
112.08
118.84
168.08
136.24
136.24
171.34
127.94
145.46
111.24
113.56
158.22
158.22
129.12
143.52
131.24
131.24
153.14
111.92
137.62
137.62
124.34
126.84
126.84
152.54
109.44
125.76
121.78
97.32
134.74
103.68
119.64
86.44
98.54
155.42
103.02
120.94
82.74
143.18
91.24
114.66
158.64
136.34
149.28
149.28
120.66
136.94
101.28
117.76
117.76
135.36
107.32
107.32
118.62
103.04
103.04
125.42
110.24
107.54
83.64
118.74
153.88
109.12
109.12
109.62
124.74
124.74
98.18
113.64
113.64
172.08
104.38
99.58
102.44
136.68
159.66
128.96
131.58
131.58
113.04
143.2
136.22
110.88
139.38
139.38
108.64
149.52
149.52
124.04
131.04
110.74
110.04
91.34
134.94
149.22
101.24
135.34
135.86
127.28
161.36
134.96
149.54
145.64
145.64
116.06
102.18
148.74
111.04
152.54
112.82
129.82
123.96
102.12
123.74
109.52
90.12
90.12
144.48
135.82
135.82
176.24
154.18
138.68
138.68
132.52
121.64
115.66
112.98
128.64
101.72
151.72
149.88
144.88
144.88
126.44
174.16
137.18
137.18
148.76
115.98
115.98
143.64
117.26
117.26
151.94
150.46
142.92
109.94
69.94
130.26
133.42
138.04
160.66
122.08
108.74
108.74
126.26
103.22
114.74
101.04
185.74
116.98
108.44
99.54
146.54
150.26
83.38
113.14
110.04
124.64
85.82
168.96
131.42
174.56
78.54
160.92
160.92
128.94
154.76
121.02
145.66
126.12
159.06
138.02
137.72
137.72
137.72
123.22
139.44
108.34
116.74
148.84
117.64
117.64
138.54
136.64
151.34
138.88
135.16
112.24
121.36
109.12
132.94
132.94
109.86
105.94
128.94
110.88
129.54
144.62
141.88
108.44
135.64
142.04
95.76
100.08
100.08
136.88
136.88
83.76
115.68
150.54
141.24
125.94
126.14
126.14
113.14
113.14
139.34
151.58
151.24
111.44
139.94
91.14
106.46
106.46
133.48
136.94
136.94
119.82
147.14
141.96
130.16
103.14
170.14
160.34
112.02
112.02
131.68
127.68
127.68
102.54
117.34
131.72
131.72
115.42
105.0
129.84
144.66
94.88
94.88
144.02
81.18
113.84
113.84
161.56
109.14
109.14
128.16
128.16
110.94
123.18
112.78
119.04
114.84
169.92
147.24
132.12
115.94
90.44
102.14
120.64
132.24
127.24
109.78
125.3
129.76
129.74
87.04
153.4
123.2
152.74
135.76
104.06
119.84
141.62
128.26
128.26
124.54
122.56
147.34
127.84
115.68
116.74
121.68
146.22
141.42
83.54
149.74
104.68
143.32
99.44
112.38
112.38
124.94
124.94
146.22
87.64
122.3
104.54
153.66
124.72
126.24
79.74
162.14
109.42
99.84
112.5
125.34
109.66
142.2
146.18
121.06
135.82
132.52
132.52
146.86
107.56
117.58
129.74
147.36
139.26
139.26
129.84
122.34
122.34
134.04
129.72
132.42
132.42
132.74
134.94
105.32
130.08
171.12
114.96
99.62
136.18
147.72
69.24
131.44
125.44
88.7
115.78
151.08
84.44
161.44
126.54
126.54
89.94
89.94
124.18
91.08
141.32
117.48
118.84
149.44
103.68
146.14
139.66
129.66
120.16
123.86
144.28
156.92
145.16
101.04
112.68
163.24
101.42
101.42
152.32
96.14
133.28
133.28
133.28
156.76
129.52
109.16
132.26
129.64
157.36
97.2
170.54
117.16
117.74
112.24
94.48
115.24
117.36
127.84
104.9
109.8
146.74
124.34
122.94
143.94
91.74
137.28
139.52
146.08
119.64
154.84
155.84
143.32
131.24
131.24
125.18
110.24
110.84
108.76
109.94
168.86
109.42
152.12
109.84
129.44
111.46
118.94
103.96
124.14
124.72
105.16
110.18
123.08
113.26
98.18
121.92
121.92
147.96
120.62
95.24
95.24
132.76
132.76
136.24
136.24
108.74
116.98
101.24
112.44
128.54
124.54
102.68
114.04
89.14
123.74
143.46
112.48
112.48
144.24
169.66
169.66
166.04
120.14
110.96
119.24
105.48
122.04
127.66
141.78
109.54
131.76
131.76
114.06
148.38
121.14
141.66
141.66
87.54
90.14
103.74
122.16
122.16
122.76
136.18
161.42
136.6
136.6
118.74
121.56
75.78
146.14
131.26
125.42
97.74
121.58
118.32
140.84
106.64
102.32
136.18
87.88
123.84
123.04
89.34
127.58
127.38
127.38
102.06
176.08
105.08
112.24
118.34
135.78
144.38
153.48
136.74
136.74
119.78
119.78
159.98
133.58
162.34
134.06
157.96
114.76
118.74
96.14
127.92
105.28
153.62
153.86
145.26
145.26
145.26
83.24
83.24
152.76
161.46
104.64
134.76
134.76
108.98
115.62
114.46
143.42
100.62
110.58
132.66
152.56
150.16
94.44
79.34
79.34
99.72
125.42
102.24
143.26
119.24
114.16
151.02
151.02
118.72
110.46
150.74
127.76
150.68
91.44
125.5
128.82
160.82
110.58
117.66
111.38
129.92
107.46
117.56
111.56
99.98
77.24
104.24
104.24
145.56
90.98
110.24
129.72
131.44
108.12
131.36
142.54
134.12
147.54
139.44
159.72
167.52
167.52
132.92
65.44
119.86
103.84
165.12
139.14
115.18
101.36
129.44
110.08
125.44
120.38
93.18
160.86
130.18
119.34
112.44
125.26
124.42
132.94
95.24
109.16
109.34
113.88
152.96
152.96
134.44
131.66
87.74
154.44
154.44
154.44
161.62
140.12
117.28
117.28
123.64
124.04
188.16
82.14
82.14
82.14
129.54
129.54
124.12
124.12
122.78
122.84
122.84
128.76
138.56
104.74
135.26
90.7
115.04
118.88
124.44
134.48
134.48
151.58
146.84
108.62
156.2
188.86
135.18
147.52
122.14
139.38
137.84
110.54
139.42
157.76
157.76
100.94
131.42
114.92
134.84
134.84
154.44
127.74
146.16
140.74
151.24
121.88
146.96
134.44
134.44
127.68
116.04
148.6
144.62
123.12
154.7
154.7
96.28
129.04
166.66
120.18
99.72
99.72
144.94
146.04
159.56
114.62
154.66
83.24
139.28
113.6
101.44
132.04
148.78
141.0
141.14
106.24
156.46
123.34
125.74
137.64
156.18
156.18
110.26
112.06
138.84
129.36
105.92
149.72
108.06
108.06
136.66
102.94
105.82
150.82
92.04
128.84
137.66
105.0
143.96
143.96
123.18
123.18
123.18
123.18
94.94
91.62
165.26
132.06
169.76
174.32
112.66
141.26
109.54
116.76
136.18
105.68
115.76
115.76
120.14
127.84
116.18
118.04
131.76
139.24
105.22
105.22
109.04
109.04
136.06
115.92
137.18
132.86
137.58
114.34
126.24
120.52
166.12
111.48
123.28
97.08
101.06
101.06
125.26
134.04
134.04
116.18
165.86
110.68
110.68
84.78
84.78
135.94
99.84
140.62
131.54
127.22
140.84
130.74
104.44
161.54
166.96
116.48
116.48
145.86
113.48
118.28
163.66
113.24
126.72
122.46
122.34
113.26
127.92
104.24
126.3
160.04
114.06
126.84
108.54
154.82
156.26
113.68
82.94
160.94
103.14
113.94
134.02
137.88
125.38
125.38
107.68
168.06
106.74
136.42
115.12
116.72
151.92
151.92
120.38
92.22
145.98
149.08
94.34
104.08
108.58
123.02
118.52
96.72
142.08
142.08
135.54
109.78
135.54
124.62
123.28
148.34
131.54
108.92
96.94
101.32
101.32
66.04
159.64
160.64
90.06
143.38
172.42
130.46
119.64
165.96
165.96
137.56
169.12
163.46
107.08
71.04
88.5
88.5
114.74
131.82
134.34
136.68
148.24
101.84
138.78
138.78
93.04
158.68
122.64
126.54
122.08
137.12
100.98
114.08
114.08
170.64
104.14
138.54
142.98
136.64
108.24
114.62
104.04
104.04
99.74
151.64
164.54
86.48
86.48
169.24
123.24
117.04
117.04
134.84
134.84
122.86
116.12
110.82
127.98
139.78
106.74
121.14
100.44
116.54
112.82
112.82
109.14
151.52
130.66
130.66
138.32
139.46
147.96
109.06
101.38
103.72
138.92
104.94
102.08
132.6
130.54
140.58
118.94
162.72
128.44
107.84
121.06
156.74
130.34
122.28
145.02
145.02
122.94
149.74
133.74
138.44
136.58
136.58
135.08
135.08
138.2
122.04
131.9
112.04
121.68
167.2
132.62
108.44
149.12
132.24
122.94
143.22
165.54
108.38
108.38
111.44
107.72
121.74
91.34
107.8
107.8
140.34
144.22
141.04
116.66
116.66
141.92
126.42
152.32
116.86
116.86
111.62
142.26
119.6
104.44
133.94
162.36
93.38
118.36
103.98
98.3
89.52
89.52
132.34
153.08
105.28
124.98
104.74
122.64
121.18
76.74
76.74
157.74
112.94
112.86
82.94
152.64
102.36
110.94
106.52
129.94
134.86
126.82
94.98
130.14
118.98
96.08
112.78
160.98
129.56
129.56
118.74
118.74
95.58
160.68
134.88
119.3
130.84
127.74
127.74
140.34
92.92
131.64
129.36
133.98
125.86
115.22
90.82
144.08
90.14
140.04
122.14
133.94
162.86
109.38
141.04
108.24
108.24
131.82
157.16
103.84
121.3
127.38
127.38
136.48
123.64
153.28
156.4
132.66
141.28
151.28
136.98
160.04
114.74
84.98
143.14
108.44
137.96
146.24
135.54
135.54
93.04
92.04
127.96
136.86
136.86
129.9
113.04
149.64
147.36
133.86
119.74
82.28
126.68
157.04
96.04
89.74
106.54
157.64
140.26
106.2
132.16
149.64
102.66
121.88
119.54
121.86
107.64
112.38
146.86
116.74
129.26
125.34
138.14
138.14
92.42
111.94
103.56
130.9
109.24
90.24
116.14
127.74
148.44
148.44
148.44
157.44
138.36
127.56
119.88
127.42
105.52
129.32
90.24
152.54
152.54
150.94
150.94
101.42
124.94
108.0
100.94
125.72
125.72
149.64
124.18
116.42
152.8
136.06
157.58
105.98
121.36
170.04
170.04
117.24
117.24
114.42
100.82
150.52
178.04
94.76
83.28
98.84
114.48
116.84
144.94
88.54
107.82
177.36
154.84
154.08
182.48
84.42
148.66
137.22
128.18
131.62
100.32
167.64
167.64
156.26
129.98
141.54
141.82
130.74
136.54
176.02
132.08
132.08
121.86
123.36
130.16
104.78
133.72
132.46
128.34
153.14
120.52
164.18
133.06
133.06
150.76
97.54
97.54
97.54
155.76
124.16
169.34
119.34
167.88
132.12
104.54
104.54
104.54
106.64
149.28
141.46
141.46
135.84
128.28
115.3
133.26
108.54
128.66
150.86
94.44
146.6
93.28
125.98
104.14
156.32
143.72
133.88
128.82
128.18
116.38
162.34
107.14
109.34
129.36
129.36
136.74
92.44
143.92
105.2
102.28
144.34
176.76
148.68
97.74
149.58
113.36
112.32
169.94
169.94
169.94
139.52
139.52
133.02
133.02
98.58
132.28
109.44
134.94
116.16
118.68
120.48
119.64
164.66
92.24
92.24
115.18
112.84
125.28
153.66
146.74
144.38
144.38
101.94
70.14
70.14
149.24
97.32
125.76
96.94
125.58
111.34
111.84
111.84
152.7
122.62
138.14
130.94
102.84
107.02
129.98
129.16
133.34
120.48
136.74
136.74
121.46
123.48
116.66
116.66
142.92
146.62
144.16
155.64
128.06
114.76
138.96
138.96
138.96
108.08
133.74
131.18
176.78
129.54
129.54
136.64
114.24
134.8
110.28
113.94
116.68
128.66
105.36
119.94
133.78
147.84
128.04
115.86
90.84
143.32
101.74
75.24
146.54
134.14
148.1
110.62
111.72
111.72
91.24
116.64
87.44
103.04
115.52
154.34
116.88
112.32
146.48
112.04
137.36
117.66
111.34
147.54
118.94
136.62
136.62
136.62
127.58
135.12
122.24
91.66
107.04
148.28
164.44
164.44
153.56
128.62
128.62
122.66
100.58
100.58
144.94
129.96
101.94
126.28
106.94
119.64
127.34
101.34
97.88
131.24
116.18
144.28
121.52
115.84
102.02
137.46
126.94
131.94
131.94
147.18
155.04
144.92
143.92
124.52
124.52
66.54
111.36
132.92
105.48
139.56
97.24
125.42
90.68
117.84
89.16
111.12
113.64
137.58
150.34
91.94
161.94
98.26
94.98
144.72
126.84
126.84
100.62
124.48
107.04
114.26
133.96
126.78
128.48
150.24
116.94
116.94
125.38
91.54
144.28
150.56
93.94
142.38
122.44
107.94
126.84
149.02
113.02
111.16
99.74
99.74
111.08
148.16
148.16
160.44
135.74
122.74
140.78
102.32
118.16
133.48
97.72
147.48
154.36
140.66
89.94
86.22
154.18
138.7
121.06
149.54
138.04
141.98
141.98
126.48
167.06
152.02
150.92
110.68
120.44
146.74
127.04
132.02
107.14
134.98
110.64
122.74
117.62
166.86
142.46
141.34
120.74
105.44
145.68
178.46
178.46
89.44
129.24
129.24
103.56
112.9
112.9
158.04
88.84
89.34
89.34
103.94
126.18
105.68
115.36
115.36
97.38
102.78
145.56
114.24
109.58
88.9
88.9
132.72
113.34
123.14
167.02
121.02
130.04
106.26
112.94
126.54
104.64
140.04
63.44
90.42
90.42
127.64
133.98
137.24
116.88
157.54
156.6
102.46
150.44
150.44
150.44
104.28
118.92
139.72
104.36
116.06
90.14
140.16
105.78
139.66
106.32
142.94
96.38
96.38
168.62
103.02
114.14
121.14
130.82
172.96
163.6
119.26
128.3
105.84
120.94
80.14
149.42
102.24
121.92
114.86
114.86
128.18
98.14
134.54
137.58
137.58
150.62
95.54
115.54
127.68
142.04
91.54
92.02
121.96
121.96
149.14
147.5
113.98
108.14
148.82
127.74
136.84
105.96
150.34
167.86
113.22
89.98
104.24
104.24
124.84
124.84
146.16
120.44
143.76
175.76
96.22
95.14
119.34
128.68
168.74
106.32
164.94
130.94
79.02
160.26
163.84
133.82
100.02
117.24
117.24
117.24
125.36
115.82
110.96
84.74
108.34
108.34
161.2
122.26
131.74
160.48
123.74
113.72
113.72
111.14
119.44
136.14
136.38
103.88
141.22
126.24
134.22
83.48
94.28
143.68
87.98
128.42
137.04
118.76
118.76
134.18
141.6
144.62
142.48
142.48
81.34
142.88
132.18
148.74
105.4
112.22
95.96
91.9
143.28
120.76
160.52
145.76
96.52
96.52
116.58
94.94
139.22
139.22
139.92
87.34
119.88
148.32
93.52
93.52
85.74
124.78
122.08
122.08
128.72
135.72
126.56
136.18
157.26
157.26
128.82
140.02
152.56
152.56
152.56
107.22
139.9
139.9
145.24
95.04
117.44
106.64
87.54
87.54
116.5
126.04
139.46
87.48
106.34
148.54
99.92
90.4
139.36
110.34
164.98
132.66
103.84
139.96
123.24
101.94
162.48
115.24
148.06
148.06
163.94
137.94
143.76
148.66
148.66
133.16
173.5
167.16
138.44
127.66
136.06
97.38
120.86
106.76
110.58
134.62
118.94
109.94
113.58
120.98
120.98
121.48
139.58
143.04
92.04
152.08
152.08
124.24
139.94
87.28
135.96
173.76
142.72
119.34
126.44
87.74
96.9
140.24
122.96
163.84
182.16
108.44
132.24
132.24
88.34
132.46
115.58
115.58
143.22
113.84
131.26
131.64
156.36
121.88
131.88
137.84
155.42
153.02
147.02
154.82
113.04
113.04
117.68
124.08
124.08
123.94
125.18
132.72
107.54
126.16
141.2
104.88
85.32
80.84
80.84
149.74
112.6
102.42
110.66
155.84
99.14
113.94
123.24
128.54
110.14
111.02
118.64
120.34
126.38
131.06
111.72
125.34
104.12
111.38
111.38
111.38
138.42
123.64
107.34
107.34
107.34
148.14
119.76
119.76
142.64
103.48
126.7
127.92
154.36
156.54
130.34
133.46
133.46
121.04
117.44
117.44
126.54
126.54
148.72
161.04
58.44
123.78
162.54
136.48
145.54
148.36
121.88
130.54
123.78
154.32
125.24
127.72
127.72
106.26
122.76
118.52
118.52
155.22
154.16
80.74
80.74
155.42
138.44
102.68
121.24
132.92
144.56
139.04
130.62
101.82
114.04
173.18
109.28
78.34
148.44
148.44
78.34
101.12
113.36
113.36
131.48
157.94
157.94
90.54
90.54
87.84
113.24
125.48
110.04
120.22
155.26
155.26
112.54
103.74
106.42
130.28
130.28
138.26
121.34
134.54
86.64
94.04
160.68
92.88
79.54
108.94
138.64
115.28
116.88
116.88
113.22
128.92
117.34
117.34
117.16
151.78
116.44
157.96
146.04
120.94
102.84
115.46
118.64
118.64
113.84
94.74
135.82
138.68
154.52
122.2
142.04
151.72
104.76
147.34
147.34
101.18
114.64
114.64
131.52
128.68
129.24
105.84
93.24
92.72
161.76
128.96
169.56
142.82
130.54
130.54
140.72
157.22
98.12
87.92
132.64
109.24
153.46
153.46
122.92
112.74
112.74
112.76
111.44
106.26
133.22
148.06
99.94
186.26
137.54
103.64
128.88
100.24
114.78
102.12
121.34
138.54
102.74
102.74
125.88
139.68
139.68
109.18
119.34
129.34
100.34
100.74
101.34
140.44
150.34
150.34
123.64
153.46
126.62
116.84
119.38
145.34
142.84
121.34
106.64
106.94
123.42
123.42
123.42
123.42
110.98
132.72
160.02
137.2
168.84
124.24
118.04
91.84
137.16
94.68
143.22
152.14
84.78
145.84
109.24
109.44
82.18
156.58
81.08
110.54
142.72
117.48
122.24
144.86
101.32
159.04
159.04
98.94
131.04
127.92
126.36
131.5
99.14
140.96
102.54
123.74
123.74
128.96
96.84
115.18
115.18
120.98
146.24
138.64
124.66
145.08
145.08
145.08
170.34
130.04
165.8
116.14
155.14
155.14
124.88
132.04
132.04
138.28
105.92
162.24
159.46
125.22
119.46
88.02
103.06
127.52
92.64
109.44
126.02
108.24
108.24
90.08
135.62
141.28
121.68
119.04
150.22
116.44
155.72
104.64
145.88
150.56
118.86
149.18
119.86
101.24
101.24
103.04
103.04
108.64
101.68
153.92
131.72
141.76
107.72
97.66
146.34
101.32
161.46
106.92
82.16
82.06
102.16
97.24
95.34
133.64
105.04
120.98
132.1
132.1
138.56
138.56
144.94
128.48
123.18
103.12
147.94
155.56
155.56
96.72
96.72
91.84
125.04
127.24
121.34
110.18
164.36
92.94
135.04
135.04
126.96
137.24
159.08
172.54
141.06
141.06
138.54
115.84
99.34
129.16
134.4
140.64
72.6
149.74
118.58
138.86
137.98
77.58
77.58
81.06
92.42
126.78
131.34
154.18
143.84
146.94
140.0
160.66
142.28
117.94
127.48
137.0
137.0
112.94
93.92
118.86
122.04
128.44
101.52
108.68
112.18
132.3
110.04
89.24
126.56
147.14
117.48
111.68
148.52
133.64
178.74
178.74
155.84
98.22
117.26
118.98
106.24
138.08
138.08
104.44
121.42
125.84
130.44
132.12
131.24
172.94
161.62
136.12
102.14
102.14
106.72
128.78
125.86
99.42
123.74
149.42
134.98
144.96
105.12
133.58
133.58
133.58
105.84
134.44
122.42
93.68
165.24
111.06
115.58
167.86
154.42
145.82
99.34
113.06
127.48
127.48
143.14
108.04
98.34
97.84
126.14
118.48
125.04
125.04
151.14
114.98
101.28
142.92
142.92
126.64
126.82
148.64
135.24
192.64
123.96
104.5
143.3
143.3
144.04
144.04
125.24
122.48
144.34
122.48
142.98
134.44
100.44
132.76
88.28
104.74
122.76
124.16
124.16
121.98
128.94
88.84
112.46
116.58
132.94
128.9
143.12
94.58
126.12
136.38
129.08
129.08
129.08
99.32
121.6
94.38
157.66
139.38
92.84
108.04
185.26
140.06
132.58
106.88
106.88
102.84
102.84
134.46
95.84
110.44
159.36
135.58
107.58
119.34
115.62
127.06
138.34
79.34
144.28
126.06
124.12
100.88
91.38
91.38
107.04
125.44
129.72
94.84
127.84
142.22
111.38
132.88
126.08
140.38
139.54
135.06
135.06
135.06
114.04
141.02
162.22
122.54
131.72
128.22
128.22
128.22
136.22
96.04
95.82
123.28
148.88
137.82
83.08
110.06
91.58
141.02
97.38
125.28
126.92
83.84
112.04
113.08
166.44
128.12
113.92
122.22
193.26
95.16
87.24
87.24
128.18
151.96
106.74
155.68
155.88
110.22
122.54
85.54
120.38
94.78
126.02
126.02
126.02
99.68
117.98
163.72
153.52
120.98
99.58
95.24
130.16
176.26
176.26
99.62
149.5
120.54
106.16
156.06
169.24
93.94
153.72
132.54
109.74
118.9
138.36
138.36
128.64
112.78
83.94
89.04
126.98
135.24
118.84
122.38
133.34
137.12
154.32
136.06
101.44
109.98
129.8
137.14
119.7
109.34
99.88
99.88
126.34
126.64
134.2
137.22
133.14
145.48
115.56
115.34
108.78
111.44
137.78
137.78
111.94
148.86
177.16
112.18
118.44
110.96
110.96
156.6
81.04
81.04
171.62
137.08
166.64
136.98
133.14
133.14
186.44
186.44
112.12
162.46
150.76
105.98
85.44
146.62
168.96
116.08
139.42
119.34
129.06
139.78
95.34
163.14
114.86
140.36
103.68
154.96
153.86
131.66
127.98
110.32
110.32
105.44
113.62
113.62
106.32
113.94
113.94
124.94
101.14
101.14
117.84
77.08
145.66
136.64
156.36
112.84
99.66
99.66
129.32
137.34
129.32
134.56
111.5
143.86
133.18
123.14
137.88
149.58
137.46
154.54
178.1
98.98
160.44
143.74
149.02
129.16
104.34
124.22
130.78
108.14
126.24
126.24
151.94
119.14
123.76
89.64
110.48
105.98
98.64
122.78
144.76
124.54
106.9
120.58
157.02
83.84
135.82
135.82
116.14
97.44
90.08
126.88
144.54
144.54
139.44
132.38
100.48
103.24
132.04
113.14
113.14
113.14
105.92
119.94
145.14
150.06
130.14
156.12
136.82
141.96
159.96
148.76
153.74
125.56
129.96
154.68
142.34
136.14
74.94
109.78
122.24
122.24
115.34
156.52
136.16
164.04
115.54
105.28
123.04
108.98
108.22
111.84
90.82
89.74
105.94
123.26
115.76
119.38
121.48
104.98
113.44
116.72
88.22
120.48
153.26
129.94
94.68
111.76
112.34
107.22
158.48
148.94
135.52
131.64
101.96
91.14
132.18
110.24
121.68
94.88
129.66
137.84
127.74
95.24
178.46
135.28
172.24
145.36
99.44
93.58
119.98
119.98
124.52
124.52
151.28
140.02
128.68
126.74
126.74
123.26
116.36
156.56
131.44
115.54
75.44
75.44
144.28
140.0
115.04
159.82
94.64
94.64
179.74
126.84
106.1
118.66
129.88
136.64
114.94
166.34
114.26
159.54
113.24
113.24
113.34
90.14
123.72
124.24
99.92
162.86
162.86
129.54
109.68
140.72
138.96
142.38
108.86
121.64
132.14
92.94
134.04
131.58
151.72
147.74
147.74
103.78
154.04
87.24
95.14
137.24
93.24
90.34
150.18
110.94
95.86
115.58
143.04
107.82
89.78
109.14
122.14
122.14
118.96
118.96
113.92
112.16
90.98
129.94
162.04
162.04
116.24
105.4
143.16
139.68
107.94
136.72
106.46
132.58
158.38
119.24
102.54
112.28
129.92
125.42
176.44
116.44
147.34
147.34
145.24
105.54
143.88
107.48
152.22
104.38
149.44
171.9
133.36
92.04
153.98
139.62
125.38
127.26
116.82
116.82
103.58
134.66
152.74
142.52
99.26
152.14
98.26
149.14
141.54
109.54
152.72
128.84
151.12
104.26
104.26
90.84
100.24
125.32
131.32
108.74
133.38
134.36
146.58
145.66
133.46
121.28
95.14
119.78
136.54
136.54
137.42
86.44
155.22
132.54
114.16
114.16
114.16
151.22
129.26
129.26
129.96
93.1
63.34
95.78
148.92
172.06
172.06
135.38
120.24
144.18
125.14
143.18
102.34
139.64
145.64
155.74
173.78
123.76
131.24
139.28
116.04
132.54
94.88
106.28
147.36
111.14
94.04
114.74
110.08
149.84
149.84
101.94
101.94
128.34
128.34
125.54
99.94
134.92
117.76
100.82
100.82
100.82
150.42
96.12
164.36
164.36
132.88
119.44
127.62
106.34
127.84
104.78
124.78
117.86
163.72
134.78
134.78
133.62
121.12
148.54
148.16
119.82
114.84
114.84
132.68
127.18
133.64
140.74
100.14
143.84
122.98
122.98
122.98
136.76
103.64
95.88
120.14
122.18
113.14
136.84
162.94
162.08
162.08
162.08
150.02
86.78
139.74
136.08
150.22
120.14
137.46
113.62
110.62
115.04
123.74
91.4
129.86
120.94
143.56
154.76
103.22
97.52
119.92
137.38
99.84
117.44
118.74
142.56
112.34
118.74
118.74
114.84
126.42
124.2
119.64
128.58
137.06
152.16
122.72
140.94
103.14
141.82
110.14
111.66
130.34
106.92
106.92
112.18
126.18
119.22
92.64
154.04
125.58
137.64
98.58
128.42
130.7
135.34
128.46
140.36
144.44
100.26
90.52
124.86
110.14
124.12
115.56
110.92
119.24
140.26
142.08
140.84
140.84
140.84
161.86
115.74
117.08
134.86
150.52
124.86
119.74
135.72
120.44
136.78
130.12
138.26
122.08
122.08
117.42
117.42
116.68
134.34
122.34
124.76
91.04
169.26
137.44
116.54
99.1
121.62
145.94
130.78
145.94
112.72
87.34
145.98
123.06
112.48
134.66
118.36
134.38
132.74
102.28
113.14
98.34
147.22
106.94
124.76
139.66
163.56
146.62
90.96
90.96
178.26
178.26
118.24
110.08
110.08
119.34
155.16
155.16
117.62
151.82
117.54
117.54
164.76
164.76
132.76
111.24
132.44
102.64
132.94
113.92
132.94
132.94
109.28
131.66
124.54
175.36
109.82
143.84
130.54
118.84
118.84
118.84
154.24
167.44
138.52
128.56
121.64
135.56
141.66
130.32
116.98
128.84
119.52
160.86
160.86
125.94
98.64
98.64
119.96
156.64
128.32
85.24
129.02
104.08
146.24
113.74
113.74
110.64
176.68
176.68
117.64
128.66
126.82
169.06
137.28
140.32
137.52
113.42
151.14
111.34
145.56
146.86
160.32
93.28
124.22
132.06
134.96
109.86
136.66
99.42
99.42
114.84
114.84
114.84
122.48
120.84
139.24
116.54
121.58
121.58
129.72
108.44
141.94
141.02
103.44
104.74
131.66
157.52
119.96
104.12
97.04
99.64
119.98
137.12
137.12
129.88
177.34
177.34
123.76
132.22
94.84
141.64
133.94
100.26
129.52
96.82
116.34
90.04
103.82
113.94
131.16
137.32
100.72
138.58
138.58
143.86
143.86
141.32
141.32
135.52
98.78
106.82
98.14
109.64
115.94
121.26
123.92
133.24
98.84
126.96
126.96
165.64
116.54
113.54
133.84
123.68
122.42
86.74
112.28
130.96
85.06
85.06
120.04
120.04
149.08
146.66
98.54
107.32
107.32
115.78
127.12
132.56
109.38
124.18
124.18
156.84
101.94
118.18
117.62
117.62
111.28
190.24
91.34
102.54
116.46
133.44
84.74
140.36
143.38
175.74
113.36
122.72
121.02
176.32
116.24
122.62
122.62
107.68
138.56
138.56
104.78
109.06
109.06
145.36
145.36
178.54
178.54
178.54
129.62
129.62
111.98
113.54
113.54
127.54
120.34
175.24
115.14
121.34
172.96
127.94
150.12
141.58
98.5
109.34
109.34
105.14
112.2
103.92
103.92
124.26
136.54
113.54
92.84
133.34
147.82
115.42
117.12
112.16
93.98
107.62
127.24
122.54
156.56
131.86
131.86
120.88
162.34
127.26
127.26
134.74
124.44
123.72
154.94
163.76
105.6
142.44
134.66
124.44
146.08
139.62
108.66
111.4
176.44
112.04
135.92
107.54
107.54
141.68
127.12
161.12
129.28
148.66
93.08
145.44
147.64
173.86
98.58
160.72
139.92
163.06
109.96
119.54
113.72
112.18
152.48
161.16
169.06
105.14
83.98
125.62
125.62
111.52
124.64
143.82
124.84
139.34
139.34
118.14
114.38
162.16
119.68
110.68
121.68
125.82
152.28
114.48
130.92
142.78
149.04
139.04
126.22
122.04
135.18
108.94
144.88
131.84
131.56
122.44
122.44
145.32
96.94
128.96
122.16
134.3
108.08
112.64
148.28
148.28
148.28
69.64
122.52
150.46
129.54
104.54
98.94
103.38
141.38
108.08
123.94
155.16
155.16
129.44
101.22
138.28
148.78
171.24
123.42
123.42
123.42
123.42
114.24
124.14
139.14
131.52
119.14
143.12
135.36
111.14
135.28
143.74
133.74
129.46
118.16
139.3
91.04
150.26
115.08
130.98
135.28
157.26
138.42
113.04
131.94
131.94
111.34
145.26
113.62
139.24
113.76
148.54
150.56
149.32
149.32
99.08
99.38
171.86
135.78
117.32
140.72
178.88
134.7
125.92
104.94
93.12
137.86
128.38
128.38
90.78
124.76
90.78
126.32
121.1
112.44
112.44
95.74
139.42
102.64
154.32
105.92
138.78
171.68
148.28
110.06
142.52
160.16
124.08
152.68
124.54
124.54
164.16
138.54
118.18
118.64
143.56
120.02
118.84
106.32
167.58
105.94
177.78
135.84
125.22
158.8
100.98
100.98
151.48
133.66
133.66
109.14
134.86
109.82
109.82
109.82
109.82
129.06
121.38
121.38
146.06
103.24
103.24
152.04
133.4
134.08
105.58
119.02
158.88
114.24
137.54
96.34
123.64
113.42
113.42
129.88
135.7
108.24
128.04
97.46
122.48
122.48
126.72
102.88
162.46
173.42
103.12
110.72
133.64
96.14
147.54
141.74
136.26
115.28
125.14
106.22
113.72
153.74
104.68
134.58
135.96
143.72
143.72
100.34
96.34
92.14
106.64
94.26
103.22
152.68
139.22
139.22
150.06
164.08
100.84
181.86
181.86
117.86
130.32
137.66
123.94
170.32
110.72
122.56
122.56
115.48
109.14
115.64
78.98
123.74
161.08
161.08
120.88
144.24
144.24
144.44
135.06
135.06
127.44
150.24
153.14
94.54
128.28
116.28
142.02
125.28
117.74
114.64
111.74
146.06
142.12
111.94
105.96
90.94
105.96
105.96
156.74
156.74
151.66
124.18
124.18
97.48
94.64
116.82
142.2
115.58
140.18
140.18
163.22
139.88
127.72
121.48
121.48
102.24
126.94
139.52
120.92
150.34
115.92
114.14
159.22
107.34
109.6
95.04
142.44
95.22
97.02
97.02
160.04
142.82
103.74
113.28
101.04
120.18
120.18
115.54
122.44
122.44
160.58
105.62
134.74
155.04
111.16
135.54
135.54
135.54
100.24
121.18
124.42
124.42
82.9
140.76
94.84
94.84
174.84
174.84
105.14
105.14
128.52
149.82
149.34
148.14
125.32
110.14
98.28
153.84
167.48
126.38
127.76
124.52
198.62
135.58
135.58
141.38
107.36
107.36
115.62
115.62
88.54
151.12
74.08
195.74
133.34
144.28
153.48
125.72
127.74
145.08
104.14
79.68
99.34
70.74
116.64
108.58
109.8
113.24
85.44
112.74
160.26
113.94
113.94
107.74
91.34
102.32
115.04
135.86
155.12
155.12
161.74
104.34
98.64
132.88
160.84
108.94
109.44
116.4
105.38
128.14
160.92
164.88
124.04
163.56
163.56
131.66
167.96
120.36
120.36
148.92
134.48
134.12
140.64
94.04
176.44
142.04
119.58
121.58
160.72
165.44
136.98
164.76
98.28
109.48
119.28
115.66
123.38
135.66
128.54
119.42
131.64
125.62
117.44
149.84
120.04
118.58
97.18
142.04
110.76
110.76
142.46
101.42
101.42
135.28
135.28
132.52
126.06
126.06
126.56
126.56
94.08
154.36
125.24
155.04
144.04
129.14
111.42
138.08
144.84
90.74
167.34
140.16
144.86
114.04
94.92
106.08
92.76
125.54
163.64
123.26
135.24
140.44
123.54
87.04
137.32
111.88
113.64
128.94
126.16
80.18
155.6
117.02
117.02
109.34
109.34
116.48
108.56
108.56
155.12
123.94
118.74
123.62
124.24
128.78
113.98
110.26
128.38
131.84
131.84
144.52
120.02
110.94
142.26
123.44
126.74
82.72
152.86
96.62
96.62
96.62
150.54
150.54
150.54
112.08
90.28
111.06
133.72
119.38
153.46
153.46
136.04
148.14
122.34
115.14
115.14
121.42
98.52
98.52
98.52
100.32
149.14
111.84
135.94
135.94
149.2
111.72
118.38
119.44
122.14
152.88
122.14
151.32
100.62
126.74
112.98
110.14
110.14
89.74
98.08
125.62
128.14
128.66
128.66
129.98
128.86
122.42
119.22
138.16
108.82
108.82
146.88
99.34
122.54
160.56
103.88
104.54
153.74
105.54
86.98
87.78
163.86
99.58
139.08
107.34
105.74
104.08
85.84
136.22
116.98
116.98
111.14
103.48
103.48
148.04
120.18
141.12
141.12
141.12
135.12
135.12
125.24
116.14
101.84
133.68
89.74
197.44
123.4
123.4
178.56
117.98
111.14
118.68
134.12
166.1
122.04
145.84
132.26
87.98
149.88
113.88
124.74
133.48
153.54
126.68
111.56
107.88
136.18
115.02
139.22
103.76
119.38
128.54
112.92
121.46
119.68
154.72
131.06
127.04
96.04
124.08
122.82
127.96
121.48
121.48
105.34
126.48
118.88
85.34
141.14
87.12
153.12
97.38
148.74
166.18
141.88
132.92
133.9
155.54
115.56
115.56
108.34
161.78
161.78
127.56
159.94
133.16
159.36
128.86
90.12
123.82
131.98
149.98
149.98
149.98
124.58
165.42
165.42
154.92
119.38
101.54
165.16
133.26
138.84
138.84
123.94
123.94
162.22
115.86
142.72
107.02
128.74
128.32
110.38
102.48
67.94
131.22
148.78
153.06
105.22
128.8
113.68
98.34
98.34
133.44
133.44
133.44
128.96
112.88
137.76
171.76
131.16
133.64
97.26
122.24
117.08
104.48
134.88
144.02
134.68
136.48
71.44
150.46
130.22
142.72
148.36
131.58
96.54
162.24
129.56
107.94
133.72
120.46
123.62
98.16
98.16
119.36
103.88
103.88
112.56
112.56
91.24
91.24
91.24
140.5
128.98
128.98
124.16
126.26
114.94
111.22
104.18
110.54
120.28
120.28
111.54
111.54
142.08
145.82
183.48
109.26
136.94
151.02
106.88
118.84
118.44
124.98
123.6
116.16
149.84
128.44
118.32
118.32
109.52
133.74
138.04
138.04
99.78
130.44
124.44
129.14
159.56
159.56
159.56
159.56
120.16
114.82
128.48
137.74
161.26
132.64
147.86
127.96
139.32
135.54
132.46
132.46
142.36
88.32
113.54
100.32
141.04
122.26
98.42
170.88
170.88
140.84
143.88
130.34
110.22
117.68
113.36
100.94
127.46
126.18
101.12
109.14
131.94
133.88
121.32
103.84
141.04
125.52
129.26
118.66
144.92
143.02
114.68
155.16
116.04
95.76
118.16
157.58
142.18
96.24
132.16
81.64
93.6
136.48
108.24
85.84
